TP
(idb) p wtp
(1) 1.6075940024366634e-06
(2) 2.2102256935291131e-06

(idb) p dxde
(1,1) 67.131028782730382
(2,1) 17.643111267233376
(3,1) 0.74053567968521383
(4,1) -0.43832014297394267
(5,1) 1.1170731495331987
(6,1) -0.066986664062517964
(1,2) -0.12379404646994274
(2,2) -0.98305353748450675
(3,2) 0.049408101487383178
(4,2) -0.013632082824740942
(5,2) -0.0074453183903927722
(6,2) 7.7584431448733817e-05
(1,3) -1.8145755623348074
(2,3) -0.35731159318198402
(3,3) -0.026464409630208963
(4,3) 0.0090395986433943597
(5,3) -0.011845471669006001
(6,3) 0.00076769512960429657
(1,4) -0.067466274613589672
(2,4) 0.021339676575461985
(3,4) 0.77843337833393367
(4,4) -0.0005466107672145188
(5,4) 0.0008475612443940711
(6,4) 0.030439036753745107
(1,5) -0.01728810264606917
(2,5) 0.11329648253866664
(3,5) 1.9304599536381757
(4,5) 0.00015073559815678705
(5,5) 2.8935378439232107e-05
(6,5) -0.007555147309368411
(1,6) -0.65614097573517882
(2,6) -0.15838630451352934
(3,6) -0.0079588976735572199
(4,6) 0.0043579596085556163
(5,6) -0.010813756155924489
(6,6) 0.0006512154061518253
(idb) p del1
(1,1) 1.0002840092096446
(2,1) -0.0004874244033643174
(3,1) -0.000620396066046282
(4,1) -3.3332087796009333e-05
(5,1) -1.1865723549280924e-05
(6,1) -1.5102730636511855e-05
(1,2) 0.00080232522530668954
(2,2) 1.0019387342692698
(3,2) 0.00036353273462746424
(4,2) 1.9531564858014647e-05
(5,2) 6.952943077385939e-06
(6,2) 8.849730177451122e-06
(1,3) -0.0012745799269971024
(2,3) -0.00045373063574832492
(3,3) 1.0010762203167924
(4,3) -3.1027989939802379e-05
(5,3) -1.1045507162776734e-05
(6,3) -1.4058742537398129e-05
(1,4) 0.091809649040914668
(2,4) 0.032682830922152642
(3,4) 0.041598860441552581
(4,4) 1.0005824101832059
(5,4) 0.00079562170841966325
(6,4) 0.0010126698385410926
(1,5) 0.13794626121248385
(2,5) 0.049106767716385356
(3,5) 0.062503309117620781
(4,5) 0.003358122445623416
(5,5) 0.99954274606339111
(6,5) 0.0015215615217034049
(1,6) -0.011792593697407972
(2,6) -0.0041979799949091595
(3,6) -0.0053432139709153389
(4,6) -0.00028707534996993825
(5,6) -0.00010219459399405058
(6,6) 0.99821784219254805

(idb) p vt3
(1,1) 0.55265667633706739
(2,1) -0.83248045932754899
(3,1) -0.03933043271893983
(1,2) 0.83038033587120696
(2,2) 0.55405440602687495
(3,2) -0.059094948689616823
(1,3) -0.070986589567942321
(2,3) -6.9388939039072284e-18
(3,3) -0.99747726996734742

(idb) p dtpdet
(1,1) 0.68968358189542422
(2,1) -0.013757977937745528
(3,1) -0.0048586777924357685
(4,1) -0.0017794889584745906
(5,1) 0.00059810082014768908
(6,1) -0.0066126799808043863
(1,2) 0.98163060387834955
(2,2) 0.0072571952960295361
(3,2) -0.014086977417775931
(4,2) 0.00094127862709541665
(5,2) -7.4646966407427407e-05
(6,2) -0.0095985132363101324
(1,3) 0.017565625365526069
(2,3) 0.00093420056050287994
(3,3) -0.00043827717049213619
(4,3) -0.030325974041133363
(5,3) 0.0075439364484641176
(6,3) -0.00017767056809983166

MTP
(idb) p vt3
(1,1) 0.55376780594564523
(2,1) -0.83176516767032804
(3,1) -0.038831983576654197
(1,2) 0.82972767329414721
(2,2) 0.55512764824889727
(3,2) -0.058183179008453149
(1,3) -0.069951449363306564
(2,3) 0
(3,3) -0.99755039708877513

(idb) p dxde
(1,1) 67.131028213142599
(2,1) 17.643112718794402
(3,1) 0.74053559263997393
(4,1) -0.43832016239108418
(5,1) 1.1170731353428247
(6,1) -0.066986663710100786
(1,2) -0.12379406418644306
(2,2) -0.98305354716018778
(3,2) 0.049408101588182637
(4,2) -0.013632082454517514
(5,2) -0.0074453188726437986
(6,2) 7.7584466563804905e-05
(1,3) -1.814575550607894
(2,3) -0.35731160857994571
(3,3) -0.026464408632849643
(4,3) 0.009039599126301652
(5,3) -0.011845471221805999
(6,3) 0.00076769511561900644
(1,4) -0.067466275323913694
(2,4) 0.021339677676805613
(3,4) 0.77843341788755427
(4,4) -0.00054661074306734496
(5,4) 0.00084756123619702389
(6,4) 0.030439036490588343
(1,5) -0.017288102449309228
(2,5) 0.11329648257643532
(3,5) 1.9304599438207317
(4,5) 0.00015073560725744478
(5,5) 2.8935337647806314e-05
(6,5) -0.0075551479618018204
(1,6) -0.65614097007510197
(2,6) -0.158386318566276
(3,6) -0.0079588968273672858
(4,6) 0.0043579597934138726
(5,6) -0.010813756009762454
(6,6) 0.0006512154021712141


(idb) p dtpdet
(1,1) -46.043071469596427
(2,1) -0.44275261905350932
(3,1) 1.3109471851027623
(4,1) 0.06796234246170095
(5,1) 0.077273651694994089
(6,1) 0.45783058147562922
(1,2) -4.3720851172732225
(2,2) 0.012717280401620453
(3,2) 0.11765267894444077
(4,2) -0.77514831405675844
(5,2) -1.9316517044976289
(6,2) 0.042634077241424949
(1,3) 0.6888247164822382
(2,3) -0.013732022605348077
(3,3) -0.0048763778311179656
(4,3) -0.0017287052400376175
(5,3) 0.00063597454466913367
(6,3) -0.0066047282759100949

(idb) p wtp
(1) -9.8977315332178119e-05
(2) -7.1848398813556492e-06

(idb) p wdir
(1) 0.076428750184973734
(2) -0.041443515352379716
(3) 0.27074186200829586
(4) 0.0033424777807280711
(5) -0.044436186124765929
(6) -0.95768166868832338
(idb) p sdir
2.7590268942339395e-05
