 

                   INTERNATIONAL EARTH ROTATION SERVICE
                        EARTH ROTATION PARAMETERS
                          EOP (IERS) C 04

  
             FORMAT(2X,A4,I3,2X,I5,2F9.6,F10.7,2X,F10.7,2X,2F9.5)
******************************************************************************
  
    Date    MJD      x        y      UT1-UTC       LOD        dPsi   dEpsilon
                     "        "         s           s          "         "
     (0h UTC)
 
  
  YEAR ==> 2002

  JAN   1  52275 -.176980  .293952 -.1158223    .0008163    -.05318  -.00065
  JAN   2  52276 -.177500  .297468 -.1166973    .0009382    -.05297  -.00072
  JAN   3  52277 -.178391  .300728 -.1177087    .0011054    -.05288  -.00083
  JAN   4  52278 -.179118  .303603 -.1188979    .0012862    -.05294  -.00095
  JAN   5  52279 -.179578  .306366 -.1202541    .0013914    -.05312  -.00107
  JAN   6  52280 -.179968  .309409 -.1216453    .0013458    -.05339  -.00115
  JAN   7  52281 -.180625  .312570 -.1229114    .0011741    -.05366  -.00115
  JAN   8  52282 -.181756  .315413 -.1239680    .0009538    -.05386  -.00110
  JAN   9  52283 -.182769  .318181 -.1248068    .0007262    -.05393  -.00101
  JAN  10  52284 -.183080  .321083 -.1254226    .0004857    -.05385  -.00095
  JAN  11  52285 -.183069  .324132 -.1257923    .0003016    -.05366  -.00098
  JAN  12  52286 -.182796  .327319 -.1260474    .0001576    -.05343  -.00115
  JAN  13  52287 -.182277  .330399 -.1261312    .0000070    -.05321  -.00136
  JAN  14  52288 -.181693  .333487 -.1260832   -.0000442    -.05306  -.00154
  JAN  15  52289 -.181286  .336678 -.1260595    .0000285    -.05299  -.00162
  JAN  16  52290 -.180696  .339705 -.1261501    .0001246    -.05295  -.00153
  JAN  17  52291 -.179888  .342786 -.1263116    .0002201    -.05302  -.00142
  JAN  18  52292 -.179268  .345982 -.1265863    .0003634    -.05321  -.00139
  JAN  19  52293 -.178792  .349120 -.1270285    .0004990    -.05328  -.00140
  JAN  20  52294 -.178458  .352176 -.1275707    .0005628    -.05320  -.00142
  JAN  21  52295 -.178219  .355157 -.1281392    .0005811    -.05305  -.00142
  JAN  22  52296 -.177767  .358327 -.1287184    .0005916    -.05298  -.00138
  JAN  23  52297 -.177109  .361857 -.1293093    .0005776    -.05308  -.00133
  JAN  24  52298 -.176571  .365256 -.1298637    .0004991    -.05343  -.00125
  JAN  25  52299 -.175843  .368658 -.1303047    .0003858    -.05388  -.00125
  JAN  26  52300 -.175080  .372080 -.1306447    .0003065    -.05432  -.00147
  JAN  27  52301 -.174386  .375351 -.1309415    .0003179    -.05452  -.00178
  JAN  28  52302 -.173624  .378624 -.1313151    .0004632    -.05436  -.00207
  JAN  29  52303 -.172888  .381919 -.1319019    .0007208    -.05382  -.00221
  JAN  30  52304 -.172163  .385044 -.1327769    .0010058    -.05302  -.00211
  JAN  31  52305 -.170831  .388182 -.1339102    .0012241    -.05239  -.00191
  FEB   1  52306 -.168969  .391415 -.1351984    .0013690    -.05216  -.00168
  FEB   2  52307 -.167424  .394619 -.1366068    .0014594    -.05240  -.00150
  FEB   3  52308 -.166410  .397766 -.1380746    .0014584    -.05296  -.00140
  FEB   4  52309 -.165550  .400751 -.1394921    .0013356    -.05359  -.00138
  FEB   5  52310 -.164350  .403441 -.1407313    .0011082    -.05403  -.00143
  FEB   6  52311 -.163205  .406250 -.1417107    .0008499    -.05398  -.00150
  FEB   7  52312 -.162254  .409275 -.1424462    .0006453    -.05367  -.00163
  FEB   8  52313 -.161176  .412266 -.1430236    .0004859    -.05336  -.00181
  FEB   9  52314 -.159769  .415288 -.1434423    .0003893    -.05297  -.00201
  FEB  10  52315 -.157971  .418703 -.1438246    .0004048    -.05261  -.00216
  FEB  11  52316 -.156033  .422328 -.1442697    .0004816    -.05242  -.00222
  FEB  12  52317 -.154401  .425667 -.1447996    .0005712    -.05247  -.00217
  FEB  13  52318 -.153290  .428709 -.1454168    .0006816    -.05277  -.00204
  FEB  14  52319 -.152422  .431594 -.1461603    .0007902    -.05290  -.00197
  FEB  15  52320 -.151425  .434310 -.1469883    .0008811    -.05282  -.00201
  FEB  16  52321 -.150147  .436962 -.1479088    .0009837    -.05276  -.00212
  FEB  17  52322 -.148525  .439627 -.1489398    .0010642    -.05274  -.00225
  FEB  18  52323 -.146797  .442304 -.1500218    .0010657    -.05271  -.00238
  FEB  19  52324 -.145289  .445049 -.1510587    .0009974    -.05267  -.00249
  FEB  20  52325 -.143811  .447811 -.1520077    .0009121    -.05263  -.00256
  FEB  21  52326 -.142074  .450703 -.1528794    .0008198    -.05253  -.00260
  FEB  22  52327 -.140254  .453859 -.1536527    .0007424    -.05250  -.00270
  FEB  23  52328 -.138453  .457125 -.1543817    .0006997    -.05269  -.00294
  FEB  24  52329 -.136538  .460522 -.1550825    .0006985    -.05294  -.00326
  FEB  25  52330 -.134082  .463716 -.1558158    .0008059    -.05307  -.00355
  FEB  26  52331 -.131072  .466837 -.1567254    .0010587    -.05299  -.00371
  FEB  27  52332 -.128357  .470101 -.1579444    .0013688    -.05251  -.00358
  FEB  28  52333 -.126010  .473327 -.1594466    .0015604    -.05196  -.00332
  MAR   1  52334 -.123387  .476449 -.1610248    .0016358    -.05155  -.00302
  MAR   2  52335 -.120689  .479620 -.1626673    .0016409    -.05156  -.00290
  MAR   3  52336 -.118464  .482757 -.1642617    .0015107    -.05188  -.00292
  MAR   4  52337 -.116665  .485769 -.1656627    .0012709    -.05227  -.00301
  MAR   5  52338 -.114517  .488783 -.1667999    .0010112    -.05251  -.00314
  MAR   6  52339 -.111739  .491599 -.1676995    .0008016    -.05240  -.00320
  MAR   7  52340 -.108642  .494277 -.1684277    .0006536    -.05239  -.00343
  MAR   8  52341 -.105506  .496949 -.1690339    .0005770    -.05209  -.00356
  MAR   9  52342 -.102289  .499620 -.1696063    .0005543    -.05161  -.00367
  MAR  10  52343 -.099184  .502381 -.1701623    .0005678    -.05122  -.00373
  MAR  11  52344 -.096817  .505078 -.1707553    .0006557    -.05103  -.00369
  MAR  12  52345 -.095050  .507539 -.1714803    .0008118    -.05112  -.00352
  MAR  13  52346 -.092792  .509881 -.1723784    .0009501    -.05147  -.00323
  MAR  14  52347 -.090235  .512112 -.1733732    .0009975    -.05164  -.00306
  MAR  15  52348 -.087672  .514322 -.1743603    .0009733    -.05159  -.00306
  MAR  16  52349 -.084888  .516440 -.1753031    .0009332    -.05152  -.00314
  MAR  17  52350 -.081843  .518321 -.1762094    .0008821    -.05142  -.00326
  MAR  18  52351 -.078727  .520198 -.1770526    .0007891    -.05129  -.00342
  MAR  19  52352 -.075622  .522183 -.1777775    .0006538    -.05116  -.00358
  MAR  20  52353 -.072516  .523912 -.1783567    .0005216    -.05100  -.00373
  MAR  21  52354 -.069275  .525535 -.1788247    .0004280    -.05090  -.00390
  MAR  22  52355 -.065772  .527343 -.1792262    .0003846    -.05086  -.00410
  MAR  23  52356 -.062281  .529079 -.1796185    .0004106    -.05093  -.00440
  MAR  24  52357 -.058824  .530558 -.1800812    .0005180    -.05100  -.00469
  MAR  25  52358 -.055153  .532119 -.1806895    .0007096    -.05098  -.00487
  MAR  26  52359 -.051397  .533864 -.1815243    .0009854    -.05080  -.00486
  MAR  27  52360 -.047931  .535645 -.1826610    .0013017    -.05047  -.00462
  MAR  28  52361 -.044864  .537216 -.1841003    .0015289    -.05015  -.00445
  MAR  29  52362 -.041741  .538411 -.1856701    .0015455    -.04987  -.00428
  MAR  30  52363 -.038242  .539374 -.1871373    .0013952    -.04967  -.00410
  MAR  31  52364 -.034492  .540084 -.1884192    .0011772    -.04959  -.00402
  APR   1  52365 -.030738  .540622 -.1894739    .0009267    -.04964  -.00408
  APR   2  52366 -.026965  .541061 -.1902792    .0006797    -.04982  -.00430
  APR   3  52367 -.023008  .541677 -.1908568    .0004886    -.05010  -.00462
  APR   4  52368 -.018839  .542757 -.1912867    .0003968    -.05044  -.00499
  APR   5  52369 -.014945  .544173 -.1916791    .0003826    -.05076  -.00508
  APR   6  52370 -.011599  .545664 -.1920746    .0004276    -.05102  -.00499
  APR   7  52371 -.008713  .546907 -.1925501    .0005303    -.05112  -.00483
  APR   8  52372 -.006179  .547801 -.1931437    .0006463    -.05097  -.00462
  APR   9  52373 -.003798  .548587 -.1938441    .0007510    -.05060  -.00442
  APR  10  52374 -.001796  .549220 -.1946401    .0008565    -.05002  -.00427
  APR  11  52375  .000617  .549611 -.1955456    .0009451    -.04988  -.00409
  APR  12  52376  .003739  .550308 -.1965146    .0009643    -.05015  -.00393
  APR  13  52377  .006831  .551201 -.1974563    .0009140    -.05031  -.00395
  APR  14  52378  .009928  .551829 -.1983255    .0008033    -.05031  -.00412
  APR  15  52379  .012899  .552439 -.1990499    .0006245    -.05023  -.00437
  APR  16  52380  .015675  .553121 -.1995684    .0004292    -.05014  -.00463
  APR  17  52381  .018827  .553651 -.1999109    .0003069    -.05019  -.00483
  APR  18  52382  .022148  .554082 -.2001944    .0002641    -.05029  -.00497
  APR  19  52383  .025494  .554493 -.2004604    .0002325    -.05037  -.00508
  APR  20  52384  .028940  .554827 -.2006884    .0002422    -.05034  -.00518
  APR  21  52385  .032051  .554939 -.2009772    .0003784    -.05020  -.00528
  APR  22  52386  .034892  .554889 -.2014729    .0006351    -.05000  -.00535
  APR  23  52387  .037834  .554767 -.2022598    .0009274    -.04981  -.00536
  APR  24  52388  .041193  .554583 -.2033164    .0011758    -.04969  -.00528
  APR  25  52389  .044906  .554446 -.2045758    .0013656    -.04969  -.00513
  APR  26  52390  .048678  .554325 -.2059968    .0014264    -.04982  -.00495
  APR  27  52391  .052506  .553919 -.2073790    .0013054    -.05004  -.00478
  APR  28  52392  .056259  .553304 -.2085750    .0010464    -.05031  -.00471
  APR  29  52393  .059967  .552862 -.2094643    .0007095    -.05057  -.00478
  APR  30  52394  .063530  .552626 -.2100094    .0004127    -.05075  -.00498
  MAY   1  52395  .066799  .552504 -.2103189    .0002633    -.05086  -.00529
  MAY   2  52396  .070036  .552223 -.2105680    .0002083    -.05083  -.00554
  MAY   3  52397  .073384  .551941 -.2107625    .0002093    -.05067  -.00563
  MAY   4  52398  .076893  .551765 -.2110055    .0003151    -.05036  -.00535
  MAY   5  52399  .080714  .551656 -.2114033    .0004747    -.05005  -.00493
  MAY   6  52400  .084739  .551522 -.2119579    .0006145    -.04987  -.00461
  MAY   7  52401  .088538  .551196 -.2126284    .0007365    -.04989  -.00455
  MAY   8  52402  .091590  .550702 -.2134209    .0008738    -.05011  -.00489
  MAY   9  52403  .094291  .549925 -.2143618    .0009664    -.05069  -.00478
  MAY  10  52404  .097673  .549162 -.2153365    .0009849    -.05096  -.00465
  MAY  11  52405  .101100  .548790 -.2163141    .0009703    -.05098  -.00467
  MAY  12  52406  .103978  .548319 -.2172619    .0008924    -.05089  -.00483
  MAY  13  52407  .106819  .547516 -.2180895    .0007421    -.05078  -.00506
  MAY  14  52408  .109738  .546615 -.2187455    .0005988    -.05076  -.00530
  MAY  15  52409  .112133  .545482 -.2192970    .0005455    -.05092  -.00545
  MAY  16  52410  .114224  .543977 -.2198566    .0005169    -.05109  -.00553
  MAY  17  52411  .116512  .542395 -.2203583    .0004848    -.05111  -.00553
  MAY  18  52412  .119101  .541186 -.2208560    .0005584    -.05099  -.00550
  MAY  19  52413  .122017  .540428 -.2215009    .0007746    -.05078  -.00547
  MAY  20  52414  .125243  .539908 -.2224201    .0010633    -.05061  -.00544
  MAY  21  52415  .128457  .539448 -.2236253    .0013034    -.05059  -.00541
  MAY  22  52416  .131221  .538782 -.2250042    .0014159    -.05084  -.00534
  MAY  23  52417  .133680  .537874 -.2264176    .0014229    -.05130  -.00524
  MAY  24  52418  .135974  .536973 -.2278040    .0013225    -.05184  -.00511
  MAY  25  52419  .138211  .536007 -.2290239    .0010837    -.05223  -.00496
  MAY  26  52420  .140540  .534901 -.2299518    .0007596    -.05239  -.00485
  MAY  27  52421  .143240  .533728 -.2305469    .0004427    -.05232  -.00482
  MAY  28  52422  .146262  .532600 -.2308598    .0002060    -.05207  -.00489
  MAY  29  52423  .149122  .531381 -.2309901    .0000727    -.05177  -.00506
  MAY  30  52424  .151913  .529980 -.2310354    .0000279    -.05164  -.00530
  MAY  31  52425  .154714  .528519 -.2310690    .0000333    -.05160  -.00551
  JUN   1  52426  .157322  .527014 -.2311157    .0000634    -.05148  -.00564
  JUN   2  52427  .159869  .525264 -.2312009    .0001257    -.05138  -.00563
  JUN   3  52428  .162497  .523380 -.2313646    .0002080    -.05146  -.00551
  JUN   4  52429  .165244  .521637 -.2316078    .0002427    -.05177  -.00532
  JUN   5  52430  .168311  .520014 -.2318365    .0001734    -.05238  -.00511
  JUN   6  52431  .171437  .518401 -.2319386    .0000684    -.05301  -.00499
  JUN   7  52432  .174530  .516741 -.2319567   -.0000199    -.05353  -.00498
  JUN   8  52433  .177651  .515056 -.2318835   -.0001372    -.05380  -.00505
  JUN   9  52434  .180695  .513426 -.2316707   -.0002981    -.05386  -.00516
  JUN  10  52435  .183570  .511752 -.2312828   -.0004736    -.05381  -.00529
  JUN  11  52436  .186112  .509887 -.2307294   -.0006188    -.05375  -.00541
  JUN  12  52437  .188405  .507800 -.2300628   -.0006984    -.05377  -.00552
  JUN  13  52438  .190810  .505711 -.2293598   -.0006972    -.05383  -.00557
  JUN  14  52439  .193236  .503904 -.2286993   -.0005806    -.05389  -.00557
  JUN  15  52440  .195887  .502165 -.2282252   -.0003693    -.05379  -.00553
  JUN  16  52441  .199099  .500071 -.2279754   -.0001413    -.05351  -.00549
  JUN  17  52442  .202287  .497733 -.2279408    .0000663    -.05324  -.00542
  JUN  18  52443  .204932  .495344 -.2280889    .0002231    -.05314  -.00533
  JUN  19  52444  .207499  .492815 -.2283541    .0003052    -.05334  -.00520
  JUN  20  52445  .210233  .490519 -.2286600    .0003350    -.05406  -.00502
  JUN  21  52446  .212632  .488674 -.2289880    .0003091    -.05501  -.00482
  JUN  22  52447  .214620  .486694 -.2292551    .0001798    -.05540  -.00470
  JUN  23  52448  .216554  .484321 -.2293435   -.0000043    -.05532  -.00469
  JUN  24  52449  .218253  .481809 -.2292611   -.0001282    -.05513  -.00479
  JUN  25  52450  .219552  .479157 -.2291142   -.0001591    -.05507  -.00496
  JUN  26  52451  .220890  .476292 -.2289734   -.0001520    -.05544  -.00515
  JUN  27  52452  .222501  .473212 -.2288362   -.0001040    -.05541  -.00540
  JUN  28  52453  .224413  .470102 -.2287827    .0000144    -.05514  -.00564
  JUN  29  52454  .226030  .467220 -.2288726    .0001222    -.05527  -.00570
  JUN  30  52455  .227213  .464469 -.2290263    .0001855    -.05564  -.00562
  JUL   1  52456  .228173  .461586 -.2292356    .0002786    -.05603  -.00546
  JUL   2  52457  .228778  .458511 -.2295705    .0003998    -.05630  -.00532
  JUL   3  52458  .229449  .455558 -.2300194    .0004357    -.05635  -.00524
  JUL   4  52459  .230002  .452634 -.2304256    .0003878    -.05641  -.00518
  JUL   5  52460  .230385  .449609 -.2307803    .0003157    -.05660  -.00512
  JUL   6  52461  .230833  .446327 -.2310453    .0001863    -.05695  -.00508
  JUL   7  52462  .231567  .442795 -.2311461    .0000220    -.05742  -.00508
  JUL   8  52463  .232357  .439471 -.2310908   -.0001169    -.05790  -.00514
  JUL   9  52464  .233085  .436331 -.2309252   -.0002169    -.05827  -.00526
  JUL  10  52465  .234064  .433255 -.2306818   -.0002784    -.05840  -.00543
  JUL  11  52466  .235413  .430325 -.2304011   -.0002665    -.05836  -.00560
  JUL  12  52467  .236827  .427391 -.2301801   -.0001070    -.05787  -.00547
  JUL  13  52468  .238092  .424383 -.2302063    .0001428    -.05751  -.00530
  JUL  14  52469  .239202  .421309 -.2304658    .0003597    -.05741  -.00525
  JUL  15  52470  .240216  .418247 -.2309055    .0005255    -.05759  -.00526
  JUL  16  52471  .241158  .415467 -.2314820    .0006004    -.05797  -.00531
  JUL  17  52472  .241954  .412778 -.2320667    .0005251    -.05834  -.00531
  JUL  18  52473  .242937  .410241 -.2324973    .0003809    -.05871  -.00526
  JUL  19  52474  .243912  .408068 -.2328063    .0001783    -.05905  -.00518
  JUL  20  52475  .244369  .405593 -.2328486   -.0001296    -.05934  -.00507
  JUL  21  52476  .244773  .402647 -.2325584   -.0004182    -.05955  -.00499
  JUL  22  52477  .245530  .399669 -.2320355   -.0005906    -.05968  -.00501
  JUL  23  52478  .246253  .396886 -.2314061   -.0006718    -.05973  -.00513
  JUL  24  52479  .246635  .394056 -.2307189   -.0007124    -.05976  -.00540
  JUL  25  52480  .246960  .391029 -.2300012   -.0006592    -.05961  -.00555
  JUL  26  52481  .246955  .387852 -.2294111   -.0005107    -.05917  -.00542
  JUL  27  52482  .246867  .384335 -.2289813   -.0003614    -.05886  -.00524
  JUL  28  52483  .247174  .380538 -.2286818   -.0002472    -.05888  -.00513
  JUL  29  52484  .247691  .376772 -.2284745   -.0001766    -.05921  -.00509
  JUL  30  52485  .248530  .373198 -.2283126   -.0001644    -.05978  -.00509
  JUL  31  52486  .249844  .369831 -.2281290   -.0002179    -.06042  -.00507
  AUG   1  52487  .251251  .366777 -.2278619   -.0003005    -.06099  -.00503
  AUG   2  52488  .252232  .364125 -.2275166   -.0003693    -.06136  -.00501
  AUG   3  52489  .253009  .361517 -.2271164   -.0004600    -.06129  -.00496
  AUG   4  52490  .253973  .358909 -.2265960   -.0005989    -.06111  -.00496
  AUG   5  52491  .254983  .356280 -.2259267   -.0007217    -.06103  -.00506
  AUG   6  52492  .255755  .353296 -.2251721   -.0007533    -.06118  -.00528
  AUG   7  52493  .256726  .350192 -.2244506   -.0006705    -.06167  -.00559
  AUG   8  52494  .257935  .347366 -.2238666   -.0004816    -.06154  -.00562
  AUG   9  52495  .259058  .344730 -.2235159   -.0001870    -.06095  -.00541
  AUG  10  52496  .259938  .342210 -.2235022    .0001413    -.06077  -.00526
  AUG  11  52497  .260422  .339682 -.2237829    .0003935    -.06107  -.00517
  AUG  12  52498  .260504  .336823 -.2242519    .0005330    -.06165  -.00515
  AUG  13  52499  .260660  .333726 -.2248017    .0005598    -.06231  -.00517
  AUG  14  52500  .260871  .330796 -.2253290    .0004712    -.06269  -.00519
  AUG  15  52501  .260804  .328148 -.2257174    .0002715    -.06282  -.00523
  AUG  16  52502  .260586  .325575 -.2258654    .0000368    -.06275  -.00526
  AUG  17  52503  .260273  .322960 -.2258026   -.0001637    -.06265  -.00528
  AUG  18  52504  .259750  .320256 -.2255620   -.0003188    -.06255  -.00530
  AUG  19  52505  .259124  .317485 -.2251940   -.0004022    -.06248  -.00532
  AUG  20  52506  .258485  .314647 -.2247854   -.0003847    -.06247  -.00533
  AUG  21  52507  .257842  .311702 -.2244462   -.0002649    -.06248  -.00533
  AUG  22  52508  .257221  .308604 -.2242684   -.0000886    -.06252  -.00530
  AUG  23  52509  .256762  .305367 -.2242727    .0000459    -.06256  -.00523
  AUG  24  52510  .256267  .302064 -.2243557    .0001388    -.06260  -.00511
  AUG  25  52511  .255551  .298639 -.2245388    .0002444    -.06259  -.00496
  AUG  26  52512  .254887  .295128 -.2248286    .0003221    -.06249  -.00482
  AUG  27  52513  .254560  .291657 -.2251653    .0003325    -.06235  -.00470
  AUG  28  52514  .254591  .288367 -.2254771    .0002837    -.06216  -.00462
  AUG  29  52515  .254561  .285390 -.2257202    .0001758    -.06225  -.00460
  AUG  30  52516  .254156  .282340 -.2258216    .0000372    -.06277  -.00467
  AUG  31  52517  .253569  .279171 -.2257935   -.0000971    -.06339  -.00479
  SEP   1  52518  .252801  .276025 -.2256334   -.0002138    -.06385  -.00492
  SEP   2  52519  .251624  .272825 -.2253807   -.0002619    -.06396  -.00503
  SEP   3  52520  .250143  .269658 -.2251351   -.0002170    -.06363  -.00509
  SEP   4  52521  .248971  .266619 -.2249808   -.0000954    -.06290  -.00509
  SEP   5  52522  .248278  .263561 -.2249789    .0000818    -.06270  -.00496
  SEP   6  52523  .247476  .260624 -.2251668    .0003580    -.06265  -.00494
  SEP   7  52524  .246248  .258013 -.2256932    .0006956    -.06293  -.00499
  SEP   8  52525  .244645  .255636 -.2265284    .0009578    -.06345  -.00505
  SEP   9  52526  .242774  .253219 -.2275589    .0010666    -.06382  -.00505
  SEP  10  52527  .241031  .250552 -.2286077    .0009644    -.06366  -.00495
  SEP  11  52528  .239374  .247979 -.2294471    .0006878    -.06368  -.00495
  SEP  12  52529  .237541  .245477 -.2299667    .0004201    -.06367  -.00498
  SEP  13  52530  .235813  .242716 -.2302954    .0002230    -.06325  -.00489
  SEP  14  52531  .234232  .239635 -.2304382    .0000593    -.06286  -.00477
  SEP  15  52532  .232896  .236757 -.2304465   -.0000326    -.06271  -.00472
  SEP  16  52533  .231689  .234536 -.2304039   -.0000454    -.06277  -.00474
  SEP  17  52534  .230142  .232662 -.2303797   -.0000059    -.06292  -.00482
  SEP  18  52535  .228023  .230880 -.2304072    .0000773    -.06305  -.00495
  SEP  19  52536  .225369  .229140 -.2305404    .0001789    -.06294  -.00489
  SEP  20  52537  .222381  .227196 -.2307626    .0002770    -.06263  -.00464
  SEP  21  52538  .219448  .224917 -.2310849    .0003708    -.06230  -.00440
  SEP  22  52539  .216765  .222664 -.2314891    .0004362    -.06202  -.00420
  SEP  23  52540  .214382  .220338 -.2319393    .0004591    -.06186  -.00408
  SEP  24  52541  .212315  .217814 -.2323892    .0004221    -.06183  -.00404
  SEP  25  52542  .210443  .215445 -.2327687    .0003164    -.06200  -.00403
  SEP  26  52543  .208771  .213094 -.2330126    .0001719    -.06209  -.00413
  SEP  27  52544  .206864  .210810 -.2331105    .0000852    -.06189  -.00434
  SEP  28  52545  .204734  .208453 -.2331884    .0000016    -.06170  -.00453
  SEP  29  52546  .202674  .205863 -.2331264   -.0001384    -.06164  -.00462
  SEP  30  52547  .200581  .203155 -.2329327   -.0001825    -.06161  -.00458
  OCT   1  52548  .198519  .200534 -.2327909   -.0000654    -.06157  -.00440
  OCT   2  52549  .196603  .198096 -.2328361    .0001073    -.06136  -.00411
  OCT   3  52550  .194671  .195648 -.2330353    .0003065    -.06114  -.00381
  OCT   4  52551  .192513  .193429 -.2334624    .0006297    -.06099  -.00362
  OCT   5  52552  .189919  .191386 -.2342813    .0009616    -.06106  -.00362
  OCT   6  52553  .187338  .189278 -.2353451    .0011217    -.06125  -.00377
  OCT   7  52554  .184980  .187146 -.2364682    .0011241    -.06143  -.00394
  OCT   8  52555  .182573  .184976 -.2375394    .0009977    -.06149  -.00404
  OCT   9  52556  .180130  .182724 -.2384298    .0007391    -.06137  -.00403
  OCT  10  52557  .177956  .180643 -.2390124    .0004584    -.06131  -.00388
  OCT  11  52558  .175561  .178842 -.2393668    .0002570    -.06150  -.00375
  OCT  12  52559  .173137  .176907 -.2395608    .0001439    -.06161  -.00371
  OCT  13  52560  .170949  .175030 -.2396904    .0001298    -.06149  -.00376
  OCT  14  52561  .168496  .173350 -.2398492    .0001985    -.06125  -.00385
  OCT  15  52562  .165900  .171640 -.2401059    .0003138    -.06096  -.00392
  OCT  16  52563  .163500  .170073 -.2404851    .0004599    -.06071  -.00391
  OCT  17  52564  .161162  .168823 -.2410248    .0006144    -.06053  -.00379
  OCT  18  52565  .158403  .167798 -.2417060    .0007133    -.06047  -.00356
  OCT  19  52566  .154570  .166709 -.2424381    .0007543    -.06007  -.00335
  OCT  20  52567  .150339  .165446 -.2431974    .0007685    -.05993  -.00310
  OCT  21  52568  .146585  .163956 -.2439566    .0007520    -.05997  -.00299
  OCT  22  52569  .143189  .162700 -.2446848    .0007030    -.06005  -.00304
  OCT  23  52570  .139921  .161431 -.2453506    .0006189    -.06000  -.00319
  OCT  24  52571  .136604  .159910 -.2459176    .0004950    -.05990  -.00336
  OCT  25  52572  .132978  .158471 -.2463439    .0003527    -.05985  -.00344
  OCT  26  52573  .129460  .156841 -.2466344    .0002466    -.05977  -.00371
  OCT  27  52574  .125883  .155297 -.2468564    .0001837    -.05960  -.00376
  OCT  28  52575  .122306  .153933 -.2470277    .0001623    -.05929  -.00361
  OCT  29  52576  .118824  .152872 -.2472112    .0002356    -.05888  -.00334
  OCT  30  52577  .115336  .152130 -.2475284    .0004250    -.05850  -.00304
  OCT  31  52578  .111576  .151433 -.2480817    .0006997    -.05823  -.00276
  NOV   1  52579  .107514  .150714 -.2489292    .0009882    -.05814  -.00255
  NOV   2  52580  .103539  .149997 -.2500343    .0011964    -.05825  -.00245
  NOV   3  52581  .099906  .149367 -.2512759    .0012622    -.05850  -.00244
  NOV   4  52582  .096401  .148884 -.2525030    .0011755    -.05875  -.00246
  NOV   5  52583  .092719  .148264 -.2535803    .0009656    -.05888  -.00248
  NOV   6  52584  .088776  .147526 -.2544120    .0006962    -.05876  -.00244
  NOV   7  52585  .084770  .146832 -.2549792    .0004453    -.05847  -.00240
  NOV   8  52586  .080686  .146157 -.2553316    .0002632    -.05810  -.00237
  NOV   9  52587  .076641  .145477 -.2555438    .0001553    -.05781  -.00238
  NOV  10  52588  .072823  .144862 -.2556768    .0001037    -.05767  -.00244
  NOV  11  52589  .069230  .144506 -.2557747    .0001201    -.05768  -.00249
  NOV  12  52590  .065930  .144183 -.2559284    .0002410    -.05780  -.00252
  NOV  13  52591  .063003  .143843 -.2562577    .0004170    -.05792  -.00250
  NOV  14  52592  .059978  .143722 -.2567559    .0005483    -.05801  -.00240
  NOV  15  52593  .056439  .143642 -.2573420    .0006267    -.05802  -.00222
  NOV  16  52594  .053039  .143662 -.2579932    .0006632    -.05795  -.00198
  NOV  17  52595  .049748  .143600 -.2586507    .0006393    -.05779  -.00175
  NOV  18  52596  .046273  .143154 -.2592547    .0005637    -.05757  -.00159
  NOV  19  52597  .042736  .142589 -.2597642    .0004450    -.05732  -.00156
  NOV  20  52598  .039042  .142057 -.2601367    .0003061    -.05709  -.00168
  NOV  21  52599  .035594  .141618 -.2603764    .0002121    -.05690  -.00187
  NOV  22  52600  .032490  .141507 -.2605700    .0001796    -.05676  -.00207
  NOV  23  52601  .029458  .141632 -.2607535    .0001531    -.05668  -.00218
  NOV  24  52602  .026279  .141922 -.2609010    .0001712    -.05658  -.00221
  NOV  25  52603  .023121  .142107 -.2611242    .0003174    -.05642  -.00215
  NOV  26  52604  .020423  .142134 -.2615628    .0005359    -.05620  -.00204
  NOV  27  52605  .017746  .141963 -.2622161    .0007792    -.05597  -.00190
  NOV  28  52606  .014584  .141665 -.2631276    .0010100    -.05587  -.00178
  NOV  29  52607  .011105  .141525 -.2642236    .0012147    -.05596  -.00169
  NOV  30  52608  .007632  .141384 -.2655246    .0013951    -.05621  -.00161
  DEC   1  52609  .004211  .141160 -.2669676    .0014472    -.05650  -.00154
  DEC   2  52610  .000981  .141151 -.2683720    .0013133    -.05673  -.00146
  DEC   3  52611 -.002102  .141540 -.2695616    .0010474    -.05680  -.00139
  DEC   4  52612 -.005142  .142253 -.2704588    .0007365    -.05660  -.00133
  DEC   5  52613 -.008544  .143134 -.2710521    .0004608    -.05627  -.00129
  DEC   6  52614 -.012432  .144161 -.2714146    .0003365    -.05589  -.00131
  DEC   7  52615 -.016714  .145522 -.2717624    .0003503    -.05563  -.00135
  DEC   8  52616 -.020864  .146755 -.2721445    .0004261    -.05551  -.00140
  DEC   9  52617 -.024195  .147792 -.2726310    .0005883    -.05552  -.00143
  DEC  10  52618 -.027051  .149114 -.2733249    .0007897    -.05562  -.00140
  DEC  11  52619 -.029986  .150658 -.2742048    .0009361    -.05569  -.00133
  DEC  12  52620 -.032906  .152324 -.2751851    .0010060    -.05573  -.00119
  DEC  13  52621 -.036380  .153691 -.2762010    .0010585    -.05573  -.00099
  DEC  14  52622 -.040133  .154808 -.2772847    .0010653    -.05575  -.00076
  DEC  15  52623 -.044118  .155796 -.2783150    .0009536    -.05579  -.00055
  DEC  16  52624 -.048102  .156554 -.2791779    .0007785    -.05587  -.00044
  DEC  17  52625 -.051563  .157349 -.2798627    .0006260    -.05596  -.00046
  DEC  18  52626 -.054497  .158362 -.2804272    .0004768    -.05604  -.00061
  DEC  19  52627 -.056946  .159773 -.2808222    .0002945    -.05603  -.00084
  DEC  20  52628 -.059111  .161764 -.2810314    .0001912    -.05588  -.00110
  DEC  21  52629 -.061540  .164057 -.2812284    .0001740    -.05555  -.00131
  DEC  22  52630 -.064249  .166415 -.2814082    .0001909    -.05505  -.00143
  DEC  23  52631 -.066769  .168635 -.2816379    .0003171    -.05445  -.00147
  DEC  24  52632 -.069096  .170833 -.2820619    .0005722    -.05388  -.00141
  DEC  25  52633 -.071644  .173147 -.2827880    .0008614    -.05347  -.00127
  DEC  26  52634 -.074233  .175145 -.2837737    .0010755    -.05335  -.00108
  DEC  27  52635 -.076496  .176823 -.2849124    .0011783    -.05355  -.00086
  DEC  28  52636 -.078735  .178826 -.2860924    .0011698    -.05401  -.00065
  DEC  29  52637 -.081160  .181126 -.2872112    .0010544    -.05460  -.00050
  DEC  30  52638 -.083469  .183215 -.2881684    .0008580    -.05513  -.00042
  DEC  31  52639 -.085707  .185460 -.2889123    .0006360    -.05546  -.00042
