 

                   INTERNATIONAL EARTH ROTATION SERVICE
                        EARTH ROTATION PARAMETERS
                             EOP (IERS) C 04

  
             FORMAT(2X,A4,I3,2X,I5,2F9.5,F10.6,2X,F10.6,2X,2F9.5)
******************************************************************************
  
    Date    MJD     x        y      UT1-UTC       LOD        dPsi   dEpsilon
                    "        "         s           s          "         "
     (0h UTC)
 
  
  YEAR ==> 1993

  JAN   1  48988   .20853   .35956   .062159     .002706    -.01135  -.00191
  JAN   2  48989   .20881   .35624   .059480     .002652    -.01094  -.00200
  JAN   3  48990   .20858   .35306   .056864     .002582    -.01119  -.00204
  JAN   4  48991   .20856   .35019   .054318     .002502    -.01178  -.00218
  JAN   5  48992   .20904   .34733   .051852     .002437    -.01231  -.00211
  JAN   6  48993   .20964   .34430   .049427     .002414    -.01251  -.00220
  JAN   7  48994   .21016   .34171   .046998     .002436    -.01235  -.00222
  JAN   8  48995   .21094   .33907   .044526     .002480    -.01199  -.00238
  JAN   9  48996   .21214   .33641   .042015     .002593    -.01162  -.00238
  JAN  10  48997   .21306   .33381   .039332     .002764    -.01150  -.00214
  JAN  11  48998   .21380   .33138   .036500     .002910    -.01164  -.00189
  JAN  12  48999   .21458   .32910   .033545     .002997    -.01193  -.00167
  JAN  13  49000   .21523   .32677   .030547     .002988    -.01245  -.00170
  JAN  14  49001   .21543   .32438   .027607     .002877    -.01302  -.00178
  JAN  15  49002   .21506   .32187   .024817     .002691    -.01356  -.00184
  JAN  16  49003   .21426   .31914   .022230     .002474    -.01371  -.00184
  JAN  17  49004   .21352   .31627   .019859     .002278    -.01371  -.00189
  JAN  18  49005   .21292   .31334   .017656     .002143    -.01364  -.00193
  JAN  19  49006   .21233   .31050   .015550     .002072    -.01372  -.00205
  JAN  20  49007   .21190   .30768   .013489     .002047    -.01389  -.00211
  JAN  21  49008   .21176   .30478   .011436     .002091    -.01382  -.00211
  JAN  22  49009   .21178   .30192   .009294     .002211    -.01349  -.00205
  JAN  23  49010   .21191   .29935   .007009     .002336    -.01326  -.00183
  JAN  24  49011   .21221   .29695   .004625     .002431    -.01319  -.00179
  JAN  25  49012   .21216   .29503   .002156     .002528    -.01319  -.00175
  JAN  26  49013   .21182   .29324  -.000417     .002635    -.01343  -.00174
  JAN  27  49014   .21164   .29138  -.003101     .002722    -.01357  -.00178
  JAN  28  49015   .21149   .28939  -.005848     .002737    -.01374  -.00189
  JAN  29  49016   .21086   .28709  -.008564     .002697    -.01386  -.00207
  JAN  30  49017   .20991   .28456  -.011234     .002620    -.01396  -.00239
  JAN  31  49018   .20862   .28198  -.013803     .002513    -.01411  -.00274
  FEB   1  49019   .20714   .27932  -.016265     .002409    -.01428  -.00297
  FEB   2  49020   .20599   .27644  -.018634     .002354    -.01442  -.00287
  FEB   3  49021   .20529   .27334  -.020994     .002385    -.01467  -.00262
  FEB   4  49022   .20504   .27036  -.023432     .002479    -.01470  -.00270
  FEB   5  49023   .20527   .26769  -.025983     .002632    -.01430  -.00301
  FEB   6  49024   .20569   .26558  -.028715     .002863    -.01352  -.00319
  FEB   7  49025   .20600   .26348  -.031708     .003140    -.01290  -.00304
  FEB   8  49026   .20578   .26102  -.034971     .003352    -.01265  -.00271
  FEB   9  49027   .20465   .25875  -.038368     .003409    -.01304  -.00241
  FEB  10  49028   .20375   .25624  -.041740     .003308    -.01390  -.00238
  FEB  11  49029   .20287   .25350  -.044950     .003088    -.01396  -.00231
  FEB  12  49030   .20159   .25108  -.047903     .002809    -.01354  -.00251
  FEB  13  49031   .20046   .24848  -.050574     .002536    -.01349  -.00274
  FEB  14  49032   .19937   .24581  -.052995     .002318    -.01388  -.00308
  FEB  15  49033   .19836   .24324  -.055235     .002190    -.01411  -.00331
  FEB  16  49034   .19767   .24067  -.057399     .002189    -.01410  -.00360
  FEB  17  49035   .19729   .23828  -.059633     .002264    -.01394  -.00372
  FEB  18  49036   .19668   .23587  -.061941     .002358    -.01389  -.00378
  FEB  19  49037   .19603   .23354  -.064356     .002490    -.01392  -.00357
  FEB  20  49038   .19517   .23176  -.066924     .002636    -.01410  -.00334
  FEB  21  49039   .19371   .23057  -.069622     .002761    -.01414  -.00329
  FEB  22  49040   .19185   .22932  -.072434     .002851    -.01404  -.00327
  FEB  23  49041   .18957   .22782  -.075310     .002866    -.01386  -.00339
  FEB  24  49042   .18675   .22598  -.078152     .002800    -.01352  -.00348
  FEB  25  49043   .18424   .22362  -.080897     .002694    -.01297  -.00354
  FEB  26  49044   .18234   .22116  -.083532     .002572    -.01261  -.00375
  FEB  27  49045   .18034   .21919  -.086037     .002446    -.01251  -.00389
  FEB  28  49046   .17841   .21733  -.088427     .002337    -.01264  -.00413
  MAR   1  49047   .17654   .21529  -.090721     .002242    -.01291  -.00425
  MAR   2  49048   .17443   .21330  -.092929     .002184    -.01328  -.00441
  MAR   3  49049   .17259   .21153  -.095116     .002221    -.01381  -.00441
  MAR   4  49050   .17101   .20982  -.097400     .002376    -.01418  -.00445
  MAR   5  49051   .16956   .20841  -.099895     .002598    -.01436  -.00453
  MAR   6  49052   .16844   .20683  -.102608     .002828    -.01429  -.00459
  MAR   7  49053   .16761   .20510  -.105540     .003046    -.01399  -.00465
  MAR   8  49054   .16611   .20366  -.108665     .003203    -.01364  -.00464
  MAR   9  49055   .16451   .20210  -.111898     .003257    -.01338  -.00448
  MAR  10  49056   .16362   .20033  -.115132     .003204    -.01315  -.00430
  MAR  11  49057   .16307   .19885  -.118277     .003061    -.01306  -.00437
  MAR  12  49058   .16263   .19738  -.121249     .002851    -.01296  -.00459
  MAR  13  49059   .16186   .19578  -.123994     .002648    -.01290  -.00494
  MAR  14  49060   .16023   .19459  -.126570     .002535    -.01288  -.00527
  MAR  15  49061   .15813   .19329  -.129092     .002505    -.01281  -.00558
  MAR  16  49062   .15594   .19185  -.131603     .002517    -.01306  -.00562
  MAR  17  49063   .15339   .19029  -.134141     .002561    -.01339  -.00550
  MAR  18  49064   .15073   .18870  -.136736     .002624    -.01329  -.00541
  MAR  19  49065   .14851   .18708  -.139392     .002695    -.01312  -.00538
  MAR  20  49066   .14634   .18564  -.142122     .002783    -.01291  -.00544
  MAR  21  49067   .14440   .18431  -.144949     .002868    -.01266  -.00550
  MAR  22  49068   .14265   .18303  -.147846     .002905    -.01244  -.00541
  MAR  23  49069   .14074   .18165  -.150745     .002877    -.01250  -.00528
  MAR  24  49070   .13855   .18017  -.153586     .002824    -.01256  -.00511
  MAR  25  49071   .13595   .17899  -.156382     .002744    -.01275  -.00541
  MAR  26  49072   .13311   .17802  -.159068     .002607    -.01300  -.00574
  MAR  27  49073   .13007   .17682  -.161596     .002465    -.01318  -.00589
  MAR  28  49074   .12680   .17548  -.164005     .002366    -.01290  -.00601
  MAR  29  49075   .12354   .17419  -.166343     .002310    -.01250  -.00620
  MAR  30  49076   .12052   .17289  -.168645     .002288    -.01193  -.00622
  MAR  31  49077   .11774   .17155  -.170946     .002342    -.01148  -.00627
  APR   1  49078   .11520   .17049  -.173355     .002525    -.01112  -.00627
  APR   2  49079   .11277   .16978  -.176012     .002786    -.01079  -.00613
  APR   3  49080   .11023   .16926  -.178928     .003029    -.01074  -.00599
  APR   4  49081   .10711   .16876  -.182050     .003207    -.01074  -.00587
  APR   5  49082   .10373   .16814  -.185304     .003313    -.01096  -.00589
  APR   6  49083   .10041   .16749  -.188630     .003330    -.01133  -.00588
  APR   7  49084   .09708   .16706  -.191926     .003233    -.01167  -.00594
  APR   8  49085   .09371   .16663  -.195077     .003040    -.01191  -.00615
  APR   9  49086   .09042   .16607  -.198011     .002831    -.01201  -.00639
  APR  10  49087   .08737   .16555  -.200760     .002690    -.01184  -.00673
  APR  11  49088   .08453   .16508  -.203419     .002646    -.01171  -.00695
  APR  12  49089   .08186   .16476  -.206078     .002655    -.01158  -.00691
  APR  13  49090   .07958   .16466  -.208748     .002684    -.01151  -.00681
  APR  14  49091   .07782   .16472  -.211457     .002743    -.01148  -.00664
  APR  15  49092   .07624   .16471  -.214239     .002830    -.01166  -.00663
  APR  16  49093   .07435   .16454  -.217115     .002927    -.01219  -.00678
  APR  17  49094   .07241   .16421  -.220086     .002991    -.01209  -.00704
  APR  18  49095   .07022   .16386  -.223086     .002980    -.01134  -.00704
  APR  19  49096   .06765   .16370  -.226034     .002912    -.01058  -.00698
  APR  20  49097   .06505   .16387  -.228896     .002843    -.01035  -.00690
  APR  21  49098   .06250   .16426  -.231709     .002800    -.01097  -.00697
  APR  22  49099   .05952   .16443  -.234489     .002784    -.01127  -.00700
  APR  23  49100   .05667   .16444  -.237275     .002736    -.01120  -.00724
  APR  24  49101   .05384   .16434  -.239967     .002622    -.01117  -.00748
  APR  25  49102   .05101   .16420  -.242531     .002523    -.01111  -.00788
  APR  26  49103   .04827   .16415  -.245032     .002507    -.01125  -.00802
  APR  27  49104   .04594   .16410  -.247568     .002593    -.01149  -.00800
  APR  28  49105   .04398   .16421  -.250241     .002742    -.01179  -.00781
  APR  29  49106   .04193   .16468  -.253070     .002928    -.01142  -.00768
  APR  30  49107   .04014   .16517  -.256104     .003141    -.01071  -.00764
  MAY   1  49108   .03814   .16560  -.259343     .003357    -.01026  -.00750
  MAY   2  49109   .03641   .16588  -.262791     .003499    -.01015  -.00721
  MAY   3  49110   .03499   .16607  -.266305     .003470    -.01041  -.00688
  MAY   4  49111   .03334   .16645  -.269694     .003294    -.01067  -.00662
  MAY   5  49112   .03153   .16668  -.272866     .003049    -.01105  -.00671
  MAY   6  49113   .02970   .16671  -.275783     .002788    -.01160  -.00714
  MAY   7  49114   .02770   .16662  -.278453     .002563    -.01238  -.00759
  MAY   8  49115   .02563   .16642  -.280933     .002412    -.01280  -.00772
  MAY   9  49116   .02357   .16616  -.283306     .002357    -.01289  -.00770
  MAY  10  49117   .02154   .16615  -.285669     .002376    -.01273  -.00752
  MAY  11  49118   .01971   .16638  -.288071     .002414    -.01238  -.00737
  MAY  12  49119   .01805   .16678  -.290501     .002439    -.01201  -.00737
  MAY  13  49120   .01659   .16731  -.292949     .002472    -.01149  -.00753
  MAY  14  49121   .01554   .16782  -.295440     .002525    -.01094  -.00759
  MAY  15  49122   .01424   .16842  -.297990     .002581    -.01065  -.00747
  MAY  16  49123   .01255   .16923  -.300591     .002609    -.01077  -.00719
  MAY  17  49124   .01138   .17004  -.303195     .002587    -.01134  -.00708
  MAY  18  49125   .01037   .17089  -.305752     .002528    -.01188  -.00724
  MAY  19  49126   .00901   .17184  -.308242     .002429    -.01232  -.00745
  MAY  20  49127   .00765   .17277  -.310607     .002314    -.01251  -.00769
  MAY  21  49128   .00634   .17361  -.312874     .002231    -.01243  -.00794
  MAY  22  49129   .00486   .17449  -.315079     .002164    -.01230  -.00795
  MAY  23  49130   .00329   .17542  -.317218     .002124    -.01237  -.00791
  MAY  24  49131   .00156   .17634  -.319350     .002149    -.01250  -.00771
  MAY  25  49132  -.00112   .17712  -.321539     .002253    -.01247  -.00754
  MAY  26  49133  -.00427   .17767  -.323872     .002420    -.01226  -.00753
  MAY  27  49134  -.00686   .17804  -.326385     .002601    -.01209  -.00778
  MAY  28  49135  -.00884   .17842  -.329066     .002743    -.01200  -.00794
  MAY  29  49136  -.01032   .17873  -.331852     .002825    -.01205  -.00793
  MAY  30  49137  -.01183   .17909  -.334685     .002832    -.01219  -.00778
  MAY  31  49138  -.01361   .17965  -.337484     .002759    -.01236  -.00750
  JUN   1  49139  -.01536   .18018  -.340177     .002622    -.01267  -.00717
  JUN   2  49140  -.01715   .18058  -.342714     .002420    -.01307  -.00690
  JUN   3  49141  -.01911   .18096  -.345018     .002174    -.01350  -.00674
  JUN   4  49142  -.02101   .18143  -.347082     .001959    -.01377  -.00668
  JUN   5  49143  -.02279   .18206  -.348963     .001835    -.01390  -.00658
  JUN   6  49144  -.02466   .18283  -.350777     .001831    -.01385  -.00652
  JUN   7  49145  -.02649   .18375  -.352642     .001922    -.01358  -.00659
  JUN   8  49146  -.02824   .18487  -.354627     .002025    -.01328  -.00671
  JUN   9  49147  -.03008   .18603  -.356691     .002092    -.01281  -.00698
  JUN  10  49148  -.03208   .18686  -.358805     .002158    -.01271  -.00723
  JUN  11  49149  -.03384   .18752  -.360998     .002237    -.01287  -.00730
  JUN  12  49150  -.03499   .18863  -.363268     .002282    -.01316  -.00721
  JUN  13  49151  -.03587   .18983  -.365550     .002255    -.01362  -.00708
  JUN  14  49152  -.03674   .19104  -.367766     .002154    -.01417  -.00702
  JUN  15  49153  -.03780   .19263  -.369848     .002026    -.01475  -.00721
  JUN  16  49154  -.03909   .19428  -.371814     .001914    -.01520  -.00755
  JUN  17  49155  -.04081   .19571  -.373678     .001810    -.01548  -.00789
  JUN  18  49156  -.04289   .19686  -.375444     .001721    -.01559  -.00812
  JUN  19  49157  -.04508   .19772  -.377136     .001667    -.01559  -.00810
  JUN  20  49158  -.04738   .19852  -.378801     .001670    -.01552  -.00812
  JUN  21  49159  -.04966   .19950  -.380502     .001766    -.01547  -.00797
  JUN  22  49160  -.05164   .20032  -.382351     .001944    -.01561  -.00777
  JUN  23  49161  -.05322   .20117  -.384398     .002126    -.01579  -.00743
  JUN  24  49162  -.05449   .20216  -.386596     .002250    -.01604  -.00708
  JUN  25  49163  -.05558   .20315  -.388875     .002316    -.01635  -.00676
  JUN  26  49164  -.05655   .20424  -.391197     .002320    -.01647  -.00659
  JUN  27  49165  -.05747   .20555  -.393484     .002237    -.01644  -.00649
  JUN  28  49166  -.05863   .20672  -.395645     .002070    -.01628  -.00644
  JUN  29  49167  -.05996   .20769  -.397612     .001868    -.01652  -.00635
  JUN  30  49168  -.06116   .20879  -.399384     .001683    -.01741  -.00650
  JUL   1  49169  -.06241   .21013   .599009     .001530    -.01833  -.00674
  JUL   2  49170  -.06377   .21149   .597533     .001431    -.01880  -.00685
  JUL   3  49171  -.06504   .21273   .596121     .001389    -.01886  -.00691
  JUL   4  49172  -.06613   .21382   .594734     .001396    -.01870  -.00691
  JUL   5  49173  -.06696   .21486   .593316     .001461    -.01837  -.00694
  JUL   6  49174  -.06750   .21597   .591809     .001533    -.01785  -.00692
  JUL   7  49175  -.06795   .21694   .590256     .001566    -.01749  -.00678
  JUL   8  49176  -.06823   .21740   .588687     .001585    -.01730  -.00674
  JUL   9  49177  -.06830   .21820   .587098     .001612    -.01735  -.00673
  JUL  10  49178  -.06829   .21928   .585477     .001627    -.01760  -.00668
  JUL  11  49179  -.06830   .22043   .583855     .001601    -.01807  -.00680
  JUL  12  49180  -.06831   .22161   .582282     .001518    -.01848  -.00688
  JUL  13  49181  -.06859   .22288   .580825     .001412    -.01887  -.00690
  JUL  14  49182  -.06932   .22428   .579457     .001349    -.01930  -.00705
  JUL  15  49183  -.07024   .22575   .578118     .001315    -.01977  -.00698
  JUL  16  49184  -.07111   .22731   .576812     .001282    -.01999  -.00698
  JUL  17  49185  -.07181   .22895   .575535     .001273    -.02004  -.00702
  JUL  18  49186  -.07219   .23060   .574242     .001332    -.01988  -.00719
  JUL  19  49187  -.07246   .23228   .572847     .001470    -.01988  -.00741
  JUL  20  49188  -.07285   .23402   .571286     .001658    -.01991  -.00738
  JUL  21  49189  -.07338   .23597   .569533     .001890    -.02011  -.00703
  JUL  22  49190  -.07391   .23777   .567527     .002127    -.02027  -.00650
  JUL  23  49191  -.07439   .23938   .565312     .002267    -.02046  -.00611
  JUL  24  49192  -.07490   .24108   .563030     .002258    -.02082  -.00588
  JUL  25  49193  -.07559   .24269   .560827     .002120    -.02108  -.00592
  JUL  26  49194  -.07644   .24413   .558803     .001892    -.02136  -.00611
  JUL  27  49195  -.07756   .24553   .557041     .001638    -.02160  -.00635
  JUL  28  49196  -.07895   .24712   .555513     .001463    -.02177  -.00659
  JUL  29  49197  -.08031   .24884   .554095     .001407    -.02219  -.00682
  JUL  30  49198  -.08133   .25062   .552675     .001442    -.02298  -.00680
  JUL  31  49199  -.08238   .25250   .551189     .001511    -.02351  -.00682
  AUG   1  49200  -.08352   .25425   .549639     .001589    -.02316  -.00697
  AUG   2  49201  -.08446   .25584   .548005     .001696    -.02241  -.00717
  AUG   3  49202  -.08525   .25757   .546250     .001804    -.02189  -.00703
  AUG   4  49203  -.08610   .25951   .544406     .001905    -.02215  -.00668
  AUG   5  49204  -.08750   .26171   .542454     .001994    -.02256  -.00646
  AUG   6  49205  -.08914   .26385   .540431     .002025    -.02278  -.00659
  AUG   7  49206  -.09081   .26582   .538416     .001980    -.02285  -.00679
  AUG   8  49207  -.09234   .26763   .536483     .001869    -.02289  -.00674
  AUG   9  49208  -.09357   .26956   .534686     .001736    -.02302  -.00676
  AUG  10  49209  -.09443   .27169   .533013     .001618    -.02341  -.00690
  AUG  11  49210  -.09506   .27390   .531446     .001519    -.02383  -.00714
  AUG  12  49211  -.09560   .27616   .529964     .001439    -.02419  -.00755
  AUG  13  49212  -.09610   .27849   .528550     .001423    -.02436  -.00771
  AUG  14  49213  -.09654   .28073   .527096     .001534    -.02399  -.00771
  AUG  15  49214  -.09718   .28283   .525456     .001728    -.02356  -.00754
  AUG  16  49215  -.09816   .28474   .523619     .001949    -.02325  -.00732
  AUG  17  49216  -.09901   .28650   .521549     .002190    -.02349  -.00728
  AUG  18  49217  -.09981   .28814   .519251     .002396    -.02420  -.00744
  AUG  19  49218  -.10056   .28973   .516787     .002524    -.02466  -.00733
  AUG  20  49219  -.10114   .29116   .514243     .002563    -.02480  -.00708
  AUG  21  49220  -.10159   .29263   .511701     .002499    -.02497  -.00660
  AUG  22  49221  -.10183   .29429   .509271     .002333    -.02518  -.00628
  AUG  23  49222  -.10204   .29611   .507042     .002095    -.02537  -.00610
  AUG  24  49223  -.10203   .29809   .505068     .001850    -.02530  -.00635
  AUG  25  49224  -.10177   .30038   .503319     .001668    -.02486  -.00688
  AUG  26  49225  -.10142   .30258   .501705     .001580    -.02429  -.00738
  AUG  27  49226  -.10109   .30483   .500136     .001574    -.02403  -.00762
  AUG  28  49227  -.10077   .30720   .498541     .001628    -.02387  -.00759
  AUG  29  49228  -.10040   .30952   .496870     .001720    -.02378  -.00730
  AUG  30  49229  -.10010   .31174   .495099     .001830    -.02381  -.00697
  AUG  31  49230  -.10006   .31384   .493217     .001943    -.02391  -.00663
  SEP   1  49231  -.09986   .31578   .491225     .002043    -.02407  -.00640
  SEP   2  49232  -.09954   .31753   .489145     .002112    -.02447  -.00631
  SEP   3  49233  -.09931   .31923   .487017     .002129    -.02503  -.00638
  SEP   4  49234  -.09924   .32111   .484899     .002080    -.02529  -.00652
  SEP   5  49235  -.09930   .32305   .482864     .001979    -.02496  -.00662
  SEP   6  49236  -.09952   .32490   .480942     .001871    -.02460  -.00675
  SEP   7  49237  -.10010   .32654   .479120     .001780    -.02447  -.00700
  SEP   8  49238  -.10089   .32811   .477373     .001719    -.02468  -.00732
  SEP   9  49239  -.10147   .32975   .475667     .001702    -.02497  -.00750
  SEP  10  49240  -.10162   .33127   .473950     .001748    -.02501  -.00762
  SEP  11  49241  -.10148   .33286   .472147     .001877    -.02476  -.00747
  SEP  12  49242  -.10079   .33470   .470171     .002084    -.02450  -.00736
  SEP  13  49243  -.09963   .33687   .467962     .002328    -.02439  -.00722
  SEP  14  49244  -.09873   .33922   .465515     .002572    -.02435  -.00698
  SEP  15  49245  -.09804   .34158   .462839     .002780    -.02456  -.00686
  SEP  16  49246  -.09744   .34395   .459991     .002880    -.02479  -.00679
  SEP  17  49247  -.09705   .34638   .457125     .002814    -.02526  -.00679
  SEP  18  49248  -.09687   .34849   .454402     .002618    -.02569  -.00665
  SEP  19  49249  -.09678   .34992   .451909     .002368    -.02613  -.00656
  SEP  20  49250  -.09681   .35112   .449664     .002149    -.02631  -.00650
  SEP  21  49251  -.09698   .35231   .447589     .002043    -.02622  -.00654
  SEP  22  49252  -.09724   .35362   .445550     .002028    -.02579  -.00646
  SEP  23  49253  -.09741   .35517   .443508     .002041    -.02515  -.00641
  SEP  24  49254  -.09737   .35695   .441449     .002088    -.02448  -.00641
  SEP  25  49255  -.09705   .35884   .439321     .002179    -.02406  -.00634
  SEP  26  49256  -.09651   .36073   .437089     .002286    -.02395  -.00622
  SEP  27  49257  -.09588   .36259   .434754     .002371    -.02399  -.00617
  SEP  28  49258  -.09548   .36469   .432355     .002408    -.02401  -.00604
  SEP  29  49259  -.09531   .36674   .429949     .002413    -.02416  -.00593
  SEP  30  49260  -.09543   .36859   .427542     .002395    -.02441  -.00598
  OCT   1  49261  -.09556   .37035   .425171     .002330    -.02458  -.00600
  OCT   2  49262  -.09529   .37208   .422891     .002238    -.02469  -.00618
  OCT   3  49263  -.09482   .37385   .420697     .002158    -.02457  -.00641
  OCT   4  49264  -.09418   .37580   .418575     .002106    -.02430  -.00665
  OCT   5  49265  -.09350   .37784   .416478     .002104    -.02406  -.00689
  OCT   6  49266  -.09300   .37987   .414354     .002138    -.02378  -.00698
  OCT   7  49267  -.09264   .38168   .412186     .002183    -.02373  -.00702
  OCT   8  49268  -.09209   .38329   .409967     .002263    -.02366  -.00699
  OCT   9  49269  -.09130   .38485   .407637     .002400    -.02367  -.00690
  OCT  10  49270  -.09015   .38672   .405149     .002584    -.02371  -.00677
  OCT  11  49271  -.08873   .38870   .402460     .002824    -.02381  -.00652
  OCT  12  49272  -.08722   .39065   .399508     .003062    -.02388  -.00629
  OCT  13  49273  -.08580   .39296   .396360     .003235    -.02377  -.00601
  OCT  14  49274  -.08460   .39539   .393075     .003303    -.02364  -.00598
  OCT  15  49275  -.08352   .39747   .389796     .003222    -.02309  -.00612
  OCT  16  49276  -.08255   .39914   .386662     .003016    -.02277  -.00622
  OCT  17  49277  -.08186   .40070   .383774     .002746    -.02270  -.00595
  OCT  18  49278  -.08148   .40211   .381159     .002520    -.02287  -.00560
  OCT  19  49279  -.08114   .40332   .378709     .002390    -.02318  -.00542
  OCT  20  49280  -.08054   .40449   .376350     .002343    -.02357  -.00570
  OCT  21  49281  -.07998   .40588   .374000     .002383    -.02350  -.00602
  OCT  22  49282  -.07947   .40750   .371571     .002475    -.02325  -.00617
  OCT  23  49283  -.07899   .40919   .369047     .002575    -.02290  -.00616
  OCT  24  49284  -.07846   .41061   .366424     .002660    -.02259  -.00602
  OCT  25  49285  -.07789   .41178   .363733     .002723    -.02215  -.00588
  OCT  26  49286  -.07710   .41343   .360986     .002756    -.02167  -.00586
  OCT  27  49287  -.07613   .41539   .358235     .002741    -.02129  -.00569
  OCT  28  49288  -.07540   .41717   .355518     .002695    -.02096  -.00539
  OCT  29  49289  -.07505   .41869   .352854     .002638    -.02090  -.00505
  OCT  30  49290  -.07469   .42000   .350249     .002564    -.02113  -.00496
  OCT  31  49291  -.07421   .42097   .347726     .002456    -.02151  -.00500
  NOV   1  49292  -.07348   .42174   .345331     .002325    -.02182  -.00525
  NOV   2  49293  -.07226   .42247   .343066     .002222    -.02198  -.00536
  NOV   3  49294  -.07064   .42336   .340871     .002179    -.02205  -.00541
  NOV   4  49295  -.06907   .42411   .338687     .002183    -.02178  -.00541
  NOV   5  49296  -.06707   .42499   .336486     .002237    -.02125  -.00534
  NOV   6  49297  -.06443   .42693   .334196     .002377    -.02075  -.00522
  NOV   7  49298  -.06213   .42897   .331719     .002591    -.02039  -.00497
  NOV   8  49299  -.06012   .43055   .329015     .002822    -.02031  -.00473
  NOV   9  49300  -.05822   .43208   .326090     .003008    -.02057  -.00473
  NOV  10  49301  -.05628   .43364   .323025     .003100    -.02102  -.00468
  NOV  11  49302  -.05475   .43501   .319925     .003085    -.02138  -.00470
  NOV  12  49303  -.05366   .43601   .316889     .002964    -.02149  -.00468
  NOV  13  49304  -.05220   .43697   .314017     .002766    -.02128  -.00451
  NOV  14  49305  -.05072   .43779   .311356     .002540    -.02090  -.00435
  NOV  15  49306  -.04953   .43846   .308919     .002345    -.02046  -.00419
  NOV  16  49307  -.04833   .43930   .306638     .002237    -.02008  -.00418
  NOV  17  49308  -.04730   .44023   .304419     .002223    -.01982  -.00422
  NOV  18  49309  -.04664   .44132   .302177     .002273    -.01976  -.00449
  NOV  19  49310  -.04594   .44273   .299869     .002337    -.01977  -.00470
  NOV  20  49311  -.04543   .44411   .297507     .002387    -.01971  -.00477
  NOV  21  49312  -.04517   .44494   .295102     .002429    -.01941  -.00482
  NOV  22  49313  -.04459   .44576   .292661     .002468    -.01918  -.00469
  NOV  23  49314  -.04361   .44662   .290178     .002495    -.01888  -.00471
  NOV  24  49315  -.04231   .44753   .287681     .002460    -.01884  -.00458
  NOV  25  49316  -.04137   .44881   .285268     .002360    -.01900  -.00432
  NOV  26  49317  -.04064   .45003   .282967     .002253    -.01917  -.00392
  NOV  27  49318  -.03984   .45066   .280762     .002160    -.01940  -.00366
  NOV  28  49319  -.03923   .45119   .278641     .002064    -.01947  -.00350
  NOV  29  49320  -.03868   .45175   .276626     .001940    -.01927  -.00343
  NOV  30  49321  -.03794   .45216   .274748     .001831    -.01896  -.00360
  DEC   1  49322  -.03670   .45270   .272947     .001792    -.01859  -.00392
  DEC   2  49323  -.03534   .45357   .271145     .001837    -.01825  -.00407
  DEC   3  49324  -.03383   .45437   .269257     .001954    -.01810  -.00406
  DEC   4  49325  -.03221   .45509   .267228     .002115    -.01789  -.00402
  DEC   5  49326  -.03061   .45606   .265026     .002306    -.01785  -.00398
  DEC   6  49327  -.02907   .45729   .262627     .002497    -.01787  -.00386
  DEC   7  49328  -.02764   .45846   .260055     .002653    -.01820  -.00359
  DEC   8  49329  -.02633   .45955   .257350     .002739    -.01867  -.00329
  DEC   9  49330  -.02512   .46048   .254607     .002699    -.01880  -.00305
  DEC  10  49331  -.02358   .46133   .251972     .002576    -.01873  -.00296
  DEC  11  49332  -.02197   .46224   .249461     .002433    -.01861  -.00311
  DEC  12  49333  -.02095   .46331   .247097     .002292    -.01872  -.00325
  DEC  13  49334  -.01991   .46457   .244855     .002197    -.01858  -.00346
  DEC  14  49335  -.01879   .46589   .242677     .002191    -.01824  -.00352
  DEC  15  49336  -.01804   .46708   .240453     .002280    -.01767  -.00341
  DEC  16  49337  -.01708   .46842   .238105     .002426    -.01735  -.00323
  DEC  17  49338  -.01592   .46955   .235604     .002557    -.01724  -.00321
  DEC  18  49339  -.01477   .47019   .233000     .002612    -.01729  -.00317
  DEC  19  49340  -.01353   .47091   .230391     .002609    -.01741  -.00333
  DEC  20  49341  -.01199   .47164   .227795     .002603    -.01737  -.00333
  DEC  21  49342  -.00987   .47235   .225196     .002618    -.01742  -.00338
  DEC  22  49343  -.00741   .47323   .222570     .002587    -.01749  -.00330
  DEC  23  49344  -.00475   .47424   .220029     .002472    -.01770  -.00318
  DEC  24  49345  -.00236   .47542   .217628     .002362    -.01798  -.00301
  DEC  25  49346  -.00022   .47625   .215303     .002283    -.01810  -.00296
  DEC  26  49347   .00154   .47668   .213052     .002206    -.01815  -.00289
  DEC  27  49348   .00291   .47682   .210877     .002136    -.01807  -.00288
  DEC  28  49349   .00406   .47667   .208762     .002105    -.01781  -.00302
  DEC  29  49350   .00530   .47627   .206647     .002145    -.01745  -.00329
  DEC  30  49351   .00658   .47606   .204456     .002262    -.01706  -.00360
  DEC  31  49352   .00800   .47619   .202112     .002436    -.01671  -.00377
