 

                   INTERNATIONAL EARTH ROTATION SERVICE
                        EARTH ROTATION PARAMETERS
                          EOP (IERS) C 04

  
             FORMAT(2X,A4,I3,2X,I5,2F9.6,F10.7,2X,F10.7,2X,2F9.5)
******************************************************************************
  
    Date    MJD      x        y      UT1-UTC       LOD        dPsi   dEpsilon
                     "        "         s           s          "         "
     (0h UTC)
 
  
  YEAR ==> 2002

  JAN   1  52275 -.176997  .294018 -.1158257    .0008179    -.05313  -.00066
  JAN   2  52276 -.177463  .297627 -.1167026    .0009375    -.05291  -.00072
  JAN   3  52277 -.178319  .300851 -.1177107    .0011012    -.05281  -.00081
  JAN   4  52278 -.179083  .303696 -.1188947    .0012867    -.05287  -.00092
  JAN   5  52279 -.179578  .306492 -.1202570    .0013959    -.05307  -.00104
  JAN   6  52280 -.179897  .309564 -.1216512    .0013460    -.05335  -.00111
  JAN   7  52281 -.180667  .312723 -.1229147    .0011714    -.05364  -.00113
  JAN   8  52282 -.181698  .315563 -.1239685    .0009525    -.05386  -.00109
  JAN   9  52283 -.182709  .318291 -.1248075    .0007249    -.05393  -.00103
  JAN  10  52284 -.183027  .321166 -.1254204    .0004839    -.05386  -.00100
  JAN  11  52285 -.183034  .324234 -.1257893    .0003031    -.05368  -.00103
  JAN  12  52286 -.182751  .327407 -.1260483    .0001605    -.05349  -.00114
  JAN  13  52287 -.182249  .330408 -.1261340    .0000071    -.05334  -.00130
  JAN  14  52288 -.181670  .333573 -.1260841   -.0000453    -.05328  -.00146
  JAN  15  52289 -.181225  .336796 -.1260600    .0000288    -.05329  -.00158
  JAN  16  52290 -.180629  .339823 -.1261516    .0001245    -.05335  -.00161
  JAN  17  52291 -.179884  .342896 -.1263119    .0002202    -.05338  -.00158
  JAN  18  52292 -.179245  .346125 -.1265879    .0003633    -.05334  -.00151
  JAN  19  52293 -.178721  .349261 -.1270286    .0004962    -.05320  -.00146
  JAN  20  52294 -.178447  .352319 -.1275668    .0005601    -.05302  -.00143
  JAN  21  52295 -.178177  .355323 -.1281339    .0005819    -.05289  -.00140
  JAN  22  52296 -.177727  .358518 -.1287162    .0005948    -.05290  -.00136
  JAN  23  52297 -.177082  .361908 -.1293105    .0005794    -.05309  -.00131
  JAN  24  52298 -.176545  .365336 -.1298652    .0004994    -.05345  -.00124
  JAN  25  52299 -.175784  .368757 -.1303065    .0003850    -.05389  -.00125
  JAN  26  52300 -.175045  .372162 -.1306445    .0003000    -.05428  -.00142
  JAN  27  52301 -.174358  .375491 -.1309305    .0003103    -.05447  -.00169
  JAN  28  52302 -.173574  .378715 -.1312997    .0004696    -.05435  -.00198
  JAN  29  52303 -.172862  .382057 -.1319038    .0007380    -.05391  -.00218
  JAN  30  52304 -.172094  .385174 -.1327959    .0010046    -.05320  -.00216
  JAN  31  52305 -.170758  .388292 -.1339098    .0012113    -.05255  -.00199
  FEB   1  52306 -.168987  .391534 -.1351917    .0013642    -.05219  -.00173
  FEB   2  52307 -.167429  .394751 -.1365969    .0014428    -.05236  -.00150
  FEB   3  52308 -.166400  .397870 -.1380348    .0014356    -.05289  -.00135
  FEB   4  52309 -.165491  .400831 -.1394366    .0013482    -.05354  -.00130
  FEB   5  52310 -.164337  .403590 -.1407167    .0011507    -.05405  -.00135
  FEB   6  52311 -.163368  .406315 -.1417402    .0008602    -.05414  -.00147
  FEB   7  52312 -.162198  .409314 -.1424521    .0006301    -.05388  -.00163
  FEB   8  52313 -.161142  .412423 -.1430226    .0004836    -.05341  -.00181
  FEB   9  52314 -.159754  .415429 -.1434437    .0003847    -.05298  -.00196
  FEB  10  52315 -.157942  .418819 -.1438145    .0003944    -.05266  -.00206
  FEB  11  52316 -.156055  .422451 -.1442503    .0004834    -.05251  -.00210
  FEB  12  52317 -.154395  .425739 -.1447931    .0005874    -.05252  -.00208
  FEB  13  52318 -.153256  .428819 -.1454298    .0006857    -.05259  -.00204
  FEB  14  52319 -.152388  .431705 -.1461620    .0007847    -.05269  -.00201
  FEB  15  52320 -.151396  .434413 -.1469903    .0008807    -.05278  -.00203
  FEB  16  52321 -.150103  .437122 -.1479096    .0009830    -.05285  -.00211
  FEB  17  52322 -.148487  .439711 -.1489404    .0010639    -.05287  -.00224
  FEB  18  52323 -.146780  .442407 -.1500220    .0010628    -.05283  -.00237
  FEB  19  52324 -.145251  .445142 -.1510534    .0009971    -.05275  -.00248
  FEB  20  52325 -.143767  .447870 -.1520074    .0009238    -.05266  -.00256
  FEB  21  52326 -.142052  .450776 -.1528976    .0008206    -.05257  -.00261
  FEB  22  52327 -.140240  .453935 -.1536538    .0007355    -.05257  -.00271
  FEB  23  52328 -.138439  .457215 -.1543861    .0007130    -.05275  -.00295
  FEB  24  52329 -.136519  .460606 -.1551102    .0007116    -.05297  -.00328
  FEB  25  52330 -.134051  .463781 -.1558465    .0007941    -.05308  -.00359
  FEB  26  52331 -.131070  .466874 -.1567294    .0010385    -.05297  -.00378
  FEB  27  52332 -.128354  .470158 -.1579346    .0013678    -.05250  -.00367
  FEB  28  52333 -.125989  .473444 -.1594485    .0015641    -.05195  -.00338
  MAR   1  52334 -.123329  .476518 -.1610225    .0016377    -.05154  -.00305
  MAR   2  52335 -.120722  .479727 -.1626731    .0016479    -.05149  -.00286
  MAR   3  52336 -.118416  .482838 -.1642734    .0015105    -.05175  -.00283
  MAR   4  52337 -.116645  .485867 -.1656680    .0012651    -.05216  -.00294
  MAR   5  52338 -.114492  .488890 -.1668000    .0010120    -.05252  -.00314
  MAR   6  52339 -.111841  .491721 -.1677065    .0008013    -.05263  -.00330
  MAR   7  52340 -.108819  .494294 -.1684272    .0006499    -.05249  -.00345
  MAR   8  52341 -.105519  .496996 -.1690336    .0005777    -.05219  -.00357
  MAR   9  52342 -.102252  .499715 -.1696072    .0005527    -.05183  -.00366
  MAR  10  52343 -.099174  .502448 -.1701589    .0005643    -.05153  -.00370
  MAR  11  52344 -.096811  .505147 -.1707493    .0006570    -.05134  -.00365
  MAR  12  52345 -.095032  .507554 -.1714795    .0008164    -.05126  -.00352
  MAR  13  52346 -.092842  .509881 -.1723816    .0009486    -.05127  -.00334
  MAR  14  52347 -.090251  .512117 -.1733694    .0009948    -.05131  -.00318
  MAR  15  52348 -.087655  .514364 -.1743582    .0009768    -.05135  -.00307
  MAR  16  52349 -.084868  .516475 -.1753064    .0009353    -.05141  -.00308
  MAR  17  52350 -.081838  .518427 -.1762115    .0008792    -.05143  -.00320
  MAR  18  52351 -.078698  .520266 -.1770500    .0007874    -.05141  -.00338
  MAR  19  52352 -.075616  .522214 -.1777763    .0006570    -.05136  -.00358
  MAR  20  52353 -.072542  .523980 -.1783604    .0005256    -.05117  -.00373
  MAR  21  52354 -.069266  .525602 -.1788316    .0004272    -.05101  -.00389
  MAR  22  52355 -.065769  .527456 -.1792285    .0003833    -.05091  -.00408
  MAR  23  52356 -.062271  .529126 -.1796227    .0004185    -.05098  -.00436
  MAR  24  52357 -.058813  .530640 -.1800994    .0005246    -.05106  -.00464
  MAR  25  52358 -.055173  .532174 -.1807070    .0007008    -.05104  -.00483
  MAR  26  52359 -.051349  .533973 -.1815248    .0009757    -.05088  -.00488
  MAR  27  52360 -.047891  .535768 -.1826590    .0013024    -.05056  -.00475
  MAR  28  52361 -.044857  .537271 -.1841022    .0015305    -.05018  -.00451
  MAR  29  52362 -.041730  .538495 -.1856713    .0015461    -.04984  -.00427
  MAR  30  52363 -.038248  .539440 -.1871404    .0013960    -.04960  -.00410
  MAR  31  52364 -.034514  .540220 -.1884220    .0011782    -.04951  -.00405
  APR   1  52365 -.030744  .540693 -.1894791    .0009289    -.04958  -.00413
  APR   2  52366 -.026904  .541143 -.1902863    .0006775    -.04979  -.00434
  APR   3  52367 -.022969  .541727 -.1908577    .0004800    -.05009  -.00461
  APR   4  52368 -.018839  .542814 -.1912766    .0003967    -.05046  -.00486
  APR   5  52369 -.014957  .544212 -.1916798    .0003892    -.05076  -.00503
  APR   6  52370 -.011571  .545737 -.1920778    .0004348    -.05085  -.00506
  APR   7  52371 -.008732  .546946 -.1925651    .0005369    -.05077  -.00494
  APR   8  52372 -.006158  .547871 -.1931600    .0006389    -.05060  -.00470
  APR   9  52373 -.003769  .548640 -.1938443    .0007393    -.05043  -.00441
  APR  10  52374 -.001764  .549269 -.1946332    .0008575    -.05039  -.00415
  APR  11  52375  .000614  .549676 -.1955478    .0009478    -.05040  -.00398
  APR  12  52376  .003745  .550359 -.1965130    .0009640    -.05040  -.00393
  APR  13  52377  .006844  .551266 -.1974578    .0009183    -.05029  -.00400
  APR  14  52378  .009918  .551810 -.1983324    .0008039    -.05017  -.00418
  APR  15  52379  .012913  .552531 -.1990527    .0006205    -.05010  -.00441
  APR  16  52380  .015701  .553148 -.1995673    .0004313    -.05012  -.00465
  APR  17  52381  .018840  .553672 -.1999179    .0003097    -.05028  -.00485
  APR  18  52382  .022144  .554140 -.2001989    .0002612    -.05041  -.00500
  APR  19  52383  .025488  .554540 -.2004617    .0002316    -.05036  -.00510
  APR  20  52384  .028955  .554870 -.2006912    .0002377    -.04997  -.00521
  APR  21  52385  .032060  .555004 -.2009695    .0003679    -.04940  -.00531
  APR  22  52386  .034880  .554848 -.2014548    .0006336    -.04885  -.00537
  APR  23  52387  .037875  .554810 -.2022492    .0009383    -.04856  -.00536
  APR  24  52388  .041251  .554613 -.2033201    .0011826    -.04865  -.00528
  APR  25  52389  .044901  .554446 -.2045788    .0013612    -.04913  -.00514
  APR  26  52390  .048704  .554326 -.2059917    .0014260    -.04984  -.00499
  APR  27  52391  .052493  .554004 -.2073812    .0012901    -.05062  -.00487
  APR  28  52392  .056296  .553271 -.2085393    .0010068    -.05123  -.00490
  APR  29  52393  .059966  .552804 -.2093873    .0007048    -.05154  -.00509
  APR  30  52394  .063538  .552609 -.2099643    .0004588    -.05152  -.00543
  MAY   1  52395  .066811  .552563 -.2103342    .0002879    -.05122  -.00585
  MAY   2  52396  .069997  .552230 -.2105719    .0001990    -.05153  -.00540
  MAY   3  52397  .073379  .551902 -.2107592    .0002115    -.05097  -.00571
  MAY   4  52398  .077012  .551727 -.2110187    .0003191    -.05051  -.00580
  MAY   5  52399  .080884  .551685 -.2114136    .0004866    -.05025  -.00567
  MAY   6  52400  .084765  .551670 -.2119870    .0006557    -.05019  -.00535
  MAY   7  52401  .088431  .551213 -.2127133    .0006992    -.05030  -.00495
  MAY   8  52402  .091483  .550561 -.2135735    .0008522    -.05053  -.00458
  MAY   9  52403  .094811  .549777 -.2145330    .0008651    -.05081  -.00433
