 

                   INTERNATIONAL EARTH ROTATION SERVICE
                        EARTH ROTATION PARAMETERS
                          EOP (IERS) C 04

  
             FORMAT(2X,A4,I3,2X,I5,2F9.6,F10.7,2X,F10.7,2X,2F9.5)
******************************************************************************
  
    Date    MJD      x        y      UT1-UTC       LOD        dPsi   dEpsilon
                     "        "         s           s          "         "
     (0h UTC)
 
  
  YEAR ==> 2001

  JAN   1  51910 -.073413  .397999  .0932756    .0006666    -.05166  -.00212
  JAN   2  51911 -.072528  .399798  .0925201    .0008135    -.05188  -.00213
  JAN   3  51912 -.071501  .401731  .0916594    .0008824    -.05226  -.00213
  JAN   4  51913 -.070930  .403611  .0907708    .0009072    -.05275  -.00209
  JAN   5  51914 -.070662  .405187  .0898648    .0008896    -.05325  -.00204
  JAN   6  51915 -.070286  .406617  .0890117    .0007930    -.05363  -.00198
  JAN   7  51916 -.070084  .407970  .0882916    .0006463    -.05382  -.00194
  JAN   8  51917 -.070115  .409300  .0877169    .0005159    -.05377  -.00194
  JAN   9  51918 -.070073  .410701  .0872400    .0004400    -.05354  -.00198
  JAN  10  51919 -.069792  .412180  .0868056    .0004145    -.05320  -.00207
  JAN  11  51920 -.069218  .413944  .0863807    .0004467    -.05295  -.00210
  JAN  12  51921 -.068406  .416001  .0858953    .0005739    -.05289  -.00214
  JAN  13  51922 -.067413  .418058  .0852365    .0007571    -.05298  -.00219
  JAN  14  51923 -.066350  .420066  .0844025    .0009049    -.05309  -.00219
  JAN  15  51924 -.065247  .421885  .0834572    .0009648    -.05305  -.00212
  JAN  16  51925 -.063934  .423451  .0825022    .0009151    -.05276  -.00197
  JAN  17  51926 -.062596  .424922  .0816480    .0007694    -.05219  -.00178
  JAN  18  51927 -.061408  .426310  .0809735    .0005806    -.05140  -.00159
  JAN  19  51928 -.060263  .427783  .0804873    .0004222    -.05091  -.00156
  JAN  20  51929 -.059173  .429194  .0801220    .0002773    -.05088  -.00174
  JAN  21  51930 -.058048  .430233  .0799202    .0001023    -.05118  -.00201
  JAN  22  51931 -.056699  .431110  .0799019   -.0000504    -.05157  -.00226
  JAN  23  51932 -.055304  .432404  .0800040   -.0001095    -.05180  -.00238
  JAN  24  51933 -.053932  .434134  .0801038   -.0000584    -.05166  -.00232
  JAN  25  51934 -.052187  .435950  .0801055    .0000529    -.05148  -.00233
  JAN  26  51935 -.050436  .437844  .0799867    .0001684    -.05123  -.00238
  JAN  27  51936 -.048982  .439651  .0797632    .0002940    -.05098  -.00249
  JAN  28  51937 -.047414  .441441  .0793999    .0004425    -.05081  -.00262
  JAN  29  51938 -.045516  .443249  .0788851    .0005665    -.05081  -.00272
  JAN  30  51939 -.043614  .444783  .0782783    .0006046    -.05100  -.00273
  JAN  31  51940 -.041979  .446240  .0776902    .0005502    -.05140  -.00261
  FEB   1  51941 -.040501  .447194  .0771941    .0004704    -.05193  -.00227
  FEB   2  51942 -.039012  .447873  .0767657    .0003664    -.05253  -.00192
  FEB   3  51943 -.037641  .448680  .0764739    .0002218    -.05309  -.00171
  FEB   4  51944 -.036017  .449421  .0763250    .0000864    -.05348  -.00176
  FEB   5  51945 -.033959  .450359  .0762888    .0000076    -.05362  -.00208
  FEB   6  51946 -.031997  .451630  .0762831    .0000395    -.05348  -.00261
  FEB   7  51947 -.030222  .453022  .0761764    .0002134    -.05310  -.00326
  FEB   8  51948 -.028358  .454565  .0758298    .0004839    -.05251  -.00322
  FEB   9  51949 -.026435  .456132  .0752009    .0007643    -.05196  -.00304
  FEB  10  51950 -.024641  .457619  .0743161    .0009713    -.05160  -.00286
  FEB  11  51951 -.023326  .458904  .0732903    .0010839    -.05147  -.00270
  FEB  12  51952 -.022205  .459822  .0721855    .0011428    -.05153  -.00260
  FEB  13  51953 -.020778  .460714  .0710353    .0011426    -.05169  -.00255
  FEB  14  51954 -.019129  .461945  .0699176    .0010476    -.05180  -.00254
  FEB  15  51955 -.017493  .463251  .0689434    .0009020    -.05181  -.00266
  FEB  16  51956 -.015788  .464599  .0681063    .0007851    -.05168  -.00290
  FEB  17  51957 -.013952  .465873  .0673596    .0006729    -.05143  -.00319
  FEB  18  51958 -.012191  .467100  .0667435    .0005701    -.05112  -.00343
  FEB  19  51959 -.010396  .468226  .0662010    .0005534    -.05085  -.00357
  FEB  20  51960 -.008212  .469405  .0656187    .0006142    -.05069  -.00354
  FEB  21  51961 -.005489  .470733  .0649565    .0006744    -.05066  -.00335
  FEB  22  51962 -.002281  .472158  .0642575    .0007376    -.05077  -.00306
  FEB  23  51963  .001095  .473932  .0634741    .0008763    -.05098  -.00282
  FEB  24  51964  .004141  .475819  .0625042    .0010644    -.05121  -.00272
  FEB  25  51965  .006869  .477398  .0613515    .0012280    -.05140  -.00278
  FEB  26  51966  .009519  .478727  .0600605    .0013488    -.05151  -.00300
  FEB  27  51967  .012067  .479954  .0586702    .0014326    -.05155  -.00331
  FEB  28  51968  .014389  .481075  .0572124    .0014656    -.05154  -.00361
  MAR   1  51969  .016208  .482042  .0557546    .0014004    -.05159  -.00383
  MAR   2  51970  .017390  .482696  .0544230    .0012435    -.05171  -.00393
  MAR   3  51971  .018565  .483170  .0532708    .0010925    -.05187  -.00395
  MAR   4  51972  .020452  .483793  .0522299    .0009939    -.05198  -.00395
  MAR   5  51973  .022686  .484592  .0512616    .0009329    -.05199  -.00401
  MAR   6  51974  .024597  .485160  .0503331    .0009453    -.05184  -.00416
  MAR   7  51975  .026474  .485375  .0493397    .0010945    -.05154  -.00440
  MAR   8  51976  .028730  .485488  .0481248    .0013330    -.05119  -.00454
  MAR   9  51977  .031163  .485426  .0466758    .0015094    -.05086  -.00460
  MAR  10  51978  .033440  .485345  .0451302    .0015908    -.05063  -.00458
  MAR  11  51979  .035626  .485440  .0435324    .0016196    -.05051  -.00450
  MAR  12  51980  .038060  .485533  .0419302    .0015623    -.05050  -.00438
  MAR  13  51981  .040971  .485694  .0404362    .0013671    -.05053  -.00425
  MAR  14  51982  .043949  .486093  .0392084    .0010624    -.05055  -.00418
  MAR  15  51983  .046500  .486426  .0383088    .0008054    -.05048  -.00416
  MAR  16  51984  .048754  .486659  .0375849    .0006530    -.05035  -.00424
  MAR  17  51985  .051067  .487078  .0369845    .0005401    -.05020  -.00439
  MAR  18  51986  .053637  .487435  .0364846    .0004540    -.05008  -.00458
  MAR  19  51987  .056400  .487811  .0360567    .0004133    -.04999  -.00474
  MAR  20  51988  .059155  .488446  .0356403    .0004415    -.04994  -.00484
  MAR  21  51989  .061801  .488931  .0351596    .0005325    -.04994  -.00487
  MAR  22  51990  .064583  .489145  .0345663    .0006507    -.04955  -.00468
  MAR  23  51991  .067420  .489530  .0338551    .0007390    -.04922  -.00450
  MAR  24  51992  .070316  .490072  .0330920    .0008373    -.04918  -.00443
  MAR  25  51993  .073415  .490521  .0321916    .0009837    -.04937  -.00448
  MAR  26  51994  .076506  .490880  .0311418    .0010931    -.04973  -.00463
  MAR  27  51995  .079312  .491104  .0300256    .0011096    -.05011  -.00480
  MAR  28  51996  .081899  .491157  .0289417    .0010537    -.05035  -.00495
  MAR  29  51997  .084270  .491115  .0279319    .0009424    -.05046  -.00500
  MAR  30  51998  .086483  .490856  .0270612    .0008277    -.05037  -.00506
  MAR  31  51999  .088656  .490382  .0262697    .0007477    -.05012  -.00515
  APR   1  52000  .090754  .489765  .0255474    .0006843    -.04982  -.00527
  APR   2  52001  .092809  .489198  .0248737    .0006696    -.04958  -.00539
  APR   3  52002  .094893  .488849  .0241780    .0007523    -.04945  -.00548
  APR   4  52003  .097028  .488264  .0233444    .0009433    -.04947  -.00552
  APR   5  52004  .099248  .487322  .0222824    .0011714    -.04915  -.00555
  APR   6  52005  .101720  .486692  .0210131    .0013474    -.04878  -.00555
  APR   7  52006  .104396  .486481  .0196177    .0014542    -.04854  -.00553
  APR   8  52007  .106715  .486267  .0181440    .0014667    -.04851  -.00549
  APR   9  52008  .108539  .485709  .0167204    .0013330    -.04877  -.00545
  APR  10  52009  .110496  .484766  .0155010    .0010869    -.04930  -.00543
  APR  11  52010  .113062  .483882  .0145528    .0008325    -.05001  -.00543
  APR  12  52011  .115999  .483293  .0138284    .0006239    -.05087  -.00546
  APR  13  52012  .118672  .482789  .0132881    .0004362    -.05148  -.00551
  APR  14  52013  .121075  .482013  .0129351    .0003115    -.05163  -.00560
  APR  15  52014  .123756  .481121  .0126437    .0003070    -.05124  -.00568
  APR  16  52015  .126677  .480249  .0123014    .0003934    -.05043  -.00575
  APR  17  52016  .129738  .479234  .0118410    .0005336    -.04945  -.00577
  APR  18  52017  .132935  .478577  .0112232    .0007048    -.04850  -.00576
  APR  19  52018  .136369  .478099  .0104262    .0008495    -.04888  -.00565
  APR  20  52019  .139578  .477631  .0095254    .0009354    -.04966  -.00553
  APR  21  52020  .142377  .476940  .0085630    .0009935    -.05038  -.00546
  APR  22  52021  .145049  .476095  .0075528    .0010109    -.05083  -.00549
  APR  23  52022  .147449  .475415  .0065612    .0009587    -.05090  -.00559
  APR  24  52023  .149410  .474680  .0056576    .0008703    -.05061  -.00576
  APR  25  52024  .151191  .473689  .0048392    .0008023    -.05012  -.00594
  APR  26  52025  .153468  .472424  .0040622    .0007327    -.04987  -.00607
  APR  27  52026  .155852  .470988  .0033699    .0006106    -.04969  -.00615
  APR  28  52027  .157879  .469528  .0028238    .0005414    -.04954  -.00618
  APR  29  52028  .159695  .467996  .0022609    .0006166    -.04937  -.00618
  APR  30  52029  .161523  .466233  .0015614    .0007693    -.04916  -.00616
  MAY   1  52030  .163371  .464295  .0006979    .0009457    -.04892  -.00611
  MAY   2  52031  .165122  .462503 -.0003428    .0011502    -.04875  -.00605
  MAY   3  52032  .167194  .461195 -.0015992    .0013568    -.04871  -.00596
  MAY   4  52033  .169572  .460099 -.0030364    .0015279    -.04912  -.00582
  MAY   5  52034  .171782  .458554 -.0046226    .0015846    -.04983  -.00566
  MAY   6  52035  .173741  .456577 -.0061704    .0014806    -.05058  -.00556
  MAY   7  52036  .175829  .454472 -.0075557    .0012965    -.05108  -.00556
  MAY   8  52037  .178486  .452259 -.0087491    .0010963    -.05113  -.00569
  MAY   9  52038  .181279  .450074 -.0097487    .0008915    -.05064  -.00594
  MAY  10  52039  .183928  .447905 -.0105442    .0007105    -.05021  -.00616
  MAY  11  52040  .186615  .445789 -.0111889    .0005993    -.05003  -.00628
  MAY  12  52041  .189238  .444062 -.0117646    .0005621    -.05005  -.00629
  MAY  13  52042  .191474  .442557 -.0123342    .0005916    -.05016  -.00624
  MAY  14  52043  .193302  .440756 -.0129657    .0006830    -.05022  -.00617
  MAY  15  52044  .195041  .438623 -.0137130    .0008051    -.05013  -.00615
  MAY  16  52045  .196893  .436299 -.0145827    .0009141    -.04975  -.00620
  MAY  17  52046  .198688  .433629 -.0155420    .0010189    -.05007  -.00636
  MAY  18  52047  .200864  .430728 -.0166154    .0011070    -.05059  -.00639
  MAY  19  52048  .203239  .427911 -.0177452    .0011382    -.05112  -.00624
  MAY  20  52049  .205191  .425197 -.0188754    .0011126    -.05166  -.00595
  MAY  21  52050  .207003  .422611 -.0199494    .0010269    -.05200  -.00571
  MAY  22  52051  .208907  .420251 -.0209074    .0008770    -.05201  -.00569
  MAY  23  52052  .210558  .418024 -.0216879    .0006721    -.05166  -.00597
  MAY  24  52053  .212021  .415662 -.0222489    .0004557    -.05142  -.00617
  MAY  25  52054  .213419  .413093 -.0226122    .0002806    -.05132  -.00622
  MAY  26  52055  .214700  .410345 -.0228358    .0001809    -.05114  -.00624
  MAY  27  52056  .215988  .407379 -.0230045    .0001847    -.05099  -.00621
  MAY  28  52057  .217409  .404493 -.0232310    .0002938    -.05089  -.00617
  MAY  29  52058  .219061  .401821 -.0236058    .0004563    -.05091  -.00614
  MAY  30  52059  .221012  .399231 -.0241417    .0005885    -.05107  -.00614
  MAY  31  52060  .222950  .396664 -.0247660    .0006320    -.05133  -.00617
  JUN   1  52061  .224494  .394060 -.0253788    .0006095    -.05180  -.00616
  JUN   2  52062  .225858  .391342 -.0259543    .0005532    -.05237  -.00609
  JUN   3  52063  .227258  .388499 -.0264579    .0004362    -.05281  -.00598
  JUN   4  52064  .228786  .385539 -.0268094    .0002337    -.05299  -.00588
  JUN   5  52065  .230581  .382539 -.0269208   -.0000249    -.05287  -.00583
  JUN   6  52066  .232492  .379964 -.0267670   -.0002607    -.05242  -.00585
  JUN   7  52067  .234514  .377355 -.0264152   -.0004198    -.05246  -.00598
  JUN   8  52068  .236498  .374754 -.0259474   -.0004960    -.05256  -.00609
  JUN   9  52069  .238048  .372462 -.0254441   -.0004774    -.05264  -.00613
  JUN  10  52070  .239206  .370095 -.0250115   -.0003775    -.05270  -.00614
  JUN  11  52071  .240197  .367468 -.0247037   -.0002443    -.05276  -.00614
  JUN  12  52072  .241109  .364664 -.0245316   -.0001038    -.05286  -.00618
  JUN  13  52073  .242023  .361690 -.0244984    .0000340    -.05313  -.00630
  JUN  14  52074  .243269  .358425 -.0245960    .0001247    -.05297  -.00632
  JUN  15  52075  .244883  .355303 -.0247391    .0001566    -.05324  -.00623
  JUN  16  52076  .246287  .352431 -.0248965    .0001760    -.05400  -.00605
  JUN  17  52077  .247387  .349548 -.0250742    .0001955    -.05488  -.00582
  JUN  18  52078  .248237  .346619 -.0252676    .0001817    -.05553  -.00562
  JUN  19  52079  .248544  .343668 -.0254192    .0000935    -.05565  -.00550
  JUN  20  52080  .248411  .340805 -.0254447   -.0000466    -.05501  -.00552
  JUN  21  52081  .248325  .337842 -.0253310   -.0001391    -.05483  -.00570
  JUN  22  52082  .248470  .334901 -.0251882   -.0001817    -.05477  -.00587
  JUN  23  52083  .248788  .331898 -.0249997   -.0001840    -.05469  -.00594
  JUN  24  52084  .249009  .328878 -.0248513   -.0000675    -.05467  -.00594
  JUN  25  52085  .249553  .325768 -.0248833    .0001516    -.05469  -.00589
  JUN  26  52086  .250419  .322625 -.0251540    .0003804    -.05473  -.00585
  JUN  27  52087  .251307  .319708 -.0256263    .0005481    -.05480  -.00587
  JUN  28  52088  .252026  .316965 -.0262215    .0006080    -.05476  -.00577
  JUN  29  52089  .252450  .313953 -.0268111    .0005784    -.05473  -.00566
  JUN  30  52090  .253063  .310744 -.0273521    .0004564    -.05482  -.00558
  JUL   1  52091  .253820  .307599 -.0277076    .0002427    -.05507  -.00555
  JUL   2  52092  .253996  .304423 -.0278324    .0000337    -.05549  -.00560
  JUL   3  52093  .253882  .301180 -.0277805   -.0001134    -.05604  -.00570
  JUL   4  52094  .254210  .298224 -.0276194   -.0002167    -.05663  -.00585
  JUL   5  52095  .254303  .295551 -.0273655   -.0003013    -.05699  -.00603
  JUL   6  52096  .253947  .292813 -.0270368   -.0003389    -.05709  -.00621
  JUL   7  52097  .253569  .290093 -.0267064   -.0002910    -.05699  -.00632
  JUL   8  52098  .252780  .287332 -.0264703   -.0001824    -.05684  -.00634
  JUL   9  52099  .251792  .284173 -.0263522   -.0000816    -.05676  -.00626
  JUL  10  52100  .251734  .280786 -.0263109   -.0000211    -.05687  -.00610
  JUL  11  52101  .251993  .277676 -.0263072    .0000203    -.05723  -.00589
  JUL  12  52102  .251544  .274711 -.0263434    .0000727    -.05752  -.00583
  JUL  13  52103  .250938  .271728 -.0264409    .0001306    -.05787  -.00578
  JUL  14  52104  .250369  .268811 -.0265904    .0001372    -.05828  -.00569
  JUL  15  52105  .249510  .265717 -.0266993    .0000659    -.05869  -.00559
  JUL  16  52106  .248553  .262354 -.0267057   -.0000426    -.05905  -.00551
  JUL  17  52107  .248073  .259041 -.0266015   -.0001608    -.05930  -.00549
  JUL  18  52108  .248027  .255914 -.0263822   -.0003011    -.05934  -.00554
  JUL  19  52109  .247945  .252782 -.0260132   -.0004390    -.05954  -.00570
  JUL  20  52110  .247663  .249682 -.0255333   -.0005214    -.05942  -.00579
  JUL  21  52111  .247166  .246552 -.0250056   -.0004842    -.05893  -.00577
  JUL  22  52112  .246372  .243504 -.0245926   -.0003064    -.05841  -.00569
  JUL  23  52113  .245331  .240635 -.0244010   -.0000686    -.05817  -.00563
  JUL  24  52114  .244350  .237947 -.0244406    .0001317    -.05845  -.00565
  JUL  25  52115  .243652  .235375 -.0246321    .0002289    -.05934  -.00578
  JUL  26  52116  .243045  .232685 -.0248604    .0002198    -.06011  -.00592
  JUL  27  52117  .242070  .229845 -.0250394    .0001165    -.06057  -.00599
  JUL  28  52118  .240685  .226880 -.0250740   -.0000651    -.06067  -.00598
  JUL  29  52119  .239068  .223836 -.0249039   -.0002754    -.06050  -.00593
  JUL  30  52120  .237390  .220699 -.0245298   -.0004645    -.06022  -.00589
  JUL  31  52121  .235905  .217893 -.0239896   -.0006108    -.06006  -.00590
  AUG   1  52122  .234775  .215530 -.0233270   -.0007021    -.06017  -.00596
  AUG   2  52123  .233369  .213599 -.0226053   -.0007012    -.06063  -.00607
  AUG   3  52124  .231035  .211442 -.0219435   -.0006231    -.06102  -.00606
  AUG   4  52125  .228239  .208612 -.0213750   -.0004964    -.06118  -.00593
  AUG   5  52126  .225872  .205743 -.0209621   -.0003324    -.06114  -.00574
  AUG   6  52127  .223865  .203205 -.0207156   -.0001722    -.06097  -.00556
  AUG   7  52128  .221842  .200826 -.0206163   -.0000266    -.06078  -.00547
  AUG   8  52129  .219679  .198662 -.0206546    .0001170    -.06075  -.00553
  AUG   9  52130  .217162  .196461 -.0208381    .0002372    -.06070  -.00553
  AUG  10  52131  .214319  .194084 -.0211146    .0003438    -.06080  -.00552
  AUG  11  52132  .211304  .191553 -.0215110    .0004025    -.06106  -.00553
  AUG  12  52133  .208452  .188825 -.0219058    .0003543    -.06141  -.00556
  AUG  13  52134  .206066  .186188 -.0222083    .0002457    -.06175  -.00563
  AUG  14  52135  .203762  .183680 -.0223928    .0001313    -.06197  -.00571
  AUG  15  52136  .201194  .181226 -.0224781    .0000455    -.06197  -.00581
  AUG  16  52137  .198586  .178979 -.0225057    .0000209    -.06194  -.00584
  AUG  17  52138  .196056  .176849 -.0225535    .0000966    -.06174  -.00573
  AUG  18  52139  .193449  .174600 -.0227332    .0002857    -.06148  -.00553
  AUG  19  52140  .191026  .172358 -.0231459    .0005425    -.06130  -.00533
  AUG  20  52141  .188828  .170300 -.0238150    .0007826    -.06136  -.00520
  AUG  21  52142  .186472  .168165 -.0246831    .0009363    -.06168  -.00521
  AUG  22  52143  .183903  .165919 -.0256447    .0009698    -.06227  -.00539
  AUG  23  52144  .181217  .163942 -.0265800    .0008552    -.06263  -.00556
  AUG  24  52145  .178734  .162126 -.0273250    .0006695    -.06277  -.00570
  AUG  25  52146  .176508  .160194 -.0279072    .0004509    -.06276  -.00583
  AUG  26  52147  .174383  .158150 -.0282318    .0001865    -.06268  -.00592
  AUG  27  52148  .172432  .156081 -.0282962   -.0000328    -.06261  -.00598
  AUG  28  52149  .170533  .154017 -.0281873   -.0001596    -.06261  -.00599
  AUG  29  52150  .168412  .152357 -.0279989   -.0002170    -.06272  -.00594
  AUG  30  52151  .166095  .151040 -.0277735   -.0001856    -.06249  -.00598
  AUG  31  52152  .163360  .150048 -.0276445   -.0001281    -.06201  -.00587
  SEP   1  52153  .160298  .149148 -.0275297   -.0000515    -.06148  -.00558
  SEP   2  52154  .157100  .147825 -.0275482    .0001206    -.06105  -.00524
  SEP   3  52155  .153950  .146267 -.0277710    .0003153    -.06089  -.00497
  SEP   4  52156  .150840  .144774 -.0281724    .0004598    -.06108  -.00487
  SEP   5  52157  .147584  .142864 -.0286784    .0005403    -.06172  -.00506
  SEP   6  52158  .144544  .140743 -.0292372    .0005183    -.06184  -.00490
  SEP   7  52159  .141894  .139103 -.0296983    .0004615    -.06227  -.00482
  SEP   8  52160  .139519  .137822 -.0301456    .0003894    -.06290  -.00487
  SEP   9  52161  .137222  .136755 -.0304667    .0002282    -.06341  -.00502
  SEP  10  52162  .134811  .135639 -.0305979    .0000532    -.06353  -.00522
  SEP  11  52163  .132030  .134457 -.0305780   -.0000587    -.06311  -.00540
  SEP  12  52164  .128864  .133266 -.0304971   -.0000930    -.06199  -.00554
  SEP  13  52165  .125735  .132129 -.0304204   -.0000546    -.06235  -.00554
  SEP  14  52166  .122480  .131020 -.0304225    .0000647    -.06281  -.00553
  SEP  15  52167  .118876  .129903 -.0305791    .0002946    -.06309  -.00556
  SEP  16  52168  .115180  .129025 -.0310230    .0006057    -.06313  -.00557
  SEP  17  52169  .111724  .128201 -.0317761    .0008688    -.06296  -.00550
  SEP  18  52170  .108304  .127318 -.0327233    .0009845    -.06266  -.00531
  SEP  19  52171  .104683  .126554 -.0336972    .0009505    -.06238  -.00502
  SEP  20  52172  .101205  .125961 -.0345818    .0008346    -.06228  -.00466
  SEP  21  52173  .097848  .125439 -.0353415    .0006473    -.06229  -.00444
  SEP  22  52174  .094568  .124911 -.0358726    .0004391    -.06235  -.00445
  SEP  23  52175  .091481  .124241 -.0362327    .0002807    -.06238  -.00466
  SEP  24  52176  .088592  .123238 -.0364565    .0001484    -.06231  -.00500
  SEP  25  52177  .085553  .122061 -.0365545    .0000525    -.06210  -.00531
  SEP  26  52178  .082340  .120891 -.0365846    .0000464    -.06175  -.00551
  SEP  27  52179  .078968  .119876 -.0366665    .0001371    -.06139  -.00510
  SEP  28  52180  .075349  .119071 -.0368729    .0002660    -.06112  -.00464
  SEP  29  52181  .071826  .118526 -.0372068    .0003903    -.06095  -.00433
  SEP  30  52182  .068672  .118141 -.0376552    .0005255    -.06085  -.00422
  OCT   1  52183  .065427  .117809 -.0382531    .0006889    -.06074  -.00426
  OCT   2  52184  .061686  .117702 -.0390221    .0008293    -.06058  -.00435
  OCT   3  52185  .057918  .117462 -.0398960    .0008802    -.06037  -.00439
  OCT   4  52186  .054807  .117263 -.0407641    .0008859    -.06030  -.00436
  OCT   5  52187  .052035  .117431 -.0416502    .0008981    -.06035  -.00431
  OCT   6  52188  .049043  .117684 -.0425472    .0008304    -.06047  -.00426
  OCT   7  52189  .046011  .117779 -.0433053    .0006571    -.06062  -.00422
  OCT   8  52190  .043045  .117764 -.0438655    .0004972    -.06069  -.00422
  OCT   9  52191  .039875  .117769 -.0443144    .0004510    -.06064  -.00423
  OCT  10  52192  .036116  .117611 -.0447921    .0005163    -.06042  -.00423
  OCT  11  52193  .031922  .117309 -.0453780    .0006316    -.06008  -.00419
  OCT  12  52194  .027547  .117311 -.0460856    .0007661    -.05974  -.00399
  OCT  13  52195  .023190  .117527 -.0469300    .0009940    -.05950  -.00369
  OCT  14  52196  .019381  .117733 -.0480733    .0013059    -.05940  -.00340
  OCT  15  52197  .015962  .118255 -.0495180    .0015381    -.05943  -.00324
  OCT  16  52198  .012807  .118888 -.0511078    .0016063    -.05955  -.00328
  OCT  17  52199  .009809  .119398 -.0526841    .0015413    -.05968  -.00352
  OCT  18  52200  .006672  .119917 -.0541536    .0013568    -.05964  -.00398
  OCT  19  52201  .003155  .120486 -.0553806    .0010871    -.05973  -.00369
  OCT  20  52202 -.000616  .121078 -.0563315    .0008224    -.05965  -.00346
  OCT  21  52203 -.004524  .121832 -.0570443    .0006220    -.05933  -.00358
  OCT  22  52204 -.008596  .122754 -.0576014    .0005144    -.05893  -.00381
  OCT  23  52205 -.012679  .123690 -.0580990    .0004930    -.05857  -.00398
  OCT  24  52206 -.016517  .124636 -.0586098    .0005203    -.05836  -.00388
  OCT  25  52207 -.020115  .125675 -.0591565    .0005991    -.05827  -.00355
  OCT  26  52208 -.023543  .126888 -.0598187    .0007349    -.05808  -.00320
  OCT  27  52209 -.027010  .128085 -.0606303    .0008901    -.05779  -.00295
  OCT  28  52210 -.030386  .129114 -.0615963    .0010239    -.05747  -.00280
  OCT  29  52211 -.033426  .130208 -.0626692    .0011042    -.05725  -.00278
  OCT  30  52212 -.036434  .131357 -.0637907    .0011265    -.05724  -.00282
  OCT  31  52213 -.039639  .132483 -.0649047    .0010967    -.05750  -.00287
  NOV   1  52214 -.043010  .133661 -.0659648    .0010249    -.05802  -.00286
  NOV   2  52215 -.046622  .134777 -.0669375    .0008689    -.05842  -.00286
  NOV   3  52216 -.050324  .135816 -.0676924    .0006830    -.05857  -.00286
  NOV   4  52217 -.053870  .136829 -.0683042    .0005721    -.05841  -.00287
  NOV   5  52218 -.056865  .137882 -.0688496    .0005115    -.05800  -.00288
  NOV   6  52219 -.059375  .139318 -.0693506    .0004762    -.05743  -.00287
  NOV   7  52220 -.061629  .140968 -.0698313    .0005093    -.05688  -.00281
  NOV   8  52221 -.063471  .142778 -.0703980    .0006802    -.05648  -.00269
  NOV   9  52222 -.065471  .145020 -.0712125    .0009810    -.05617  -.00250
  NOV  10  52223 -.067807  .147479 -.0723660    .0012724    -.05599  -.00227
  NOV  11  52224 -.069791  .149927 -.0737445    .0014593    -.05599  -.00209
  NOV  12  52225 -.071481  .152539 -.0752541    .0015644    -.05614  -.00200
  NOV  13  52226 -.073291  .155080 -.0768326    .0015757    -.05642  -.00207
  NOV  14  52227 -.075317  .157263 -.0783664    .0014402    -.05676  -.00228
  NOV  15  52228 -.077830  .159067 -.0796869    .0011777    -.05690  -.00248
  NOV  16  52229 -.080448  .160745 -.0807147    .0009221    -.05688  -.00264
  NOV  17  52230 -.082611  .162612 -.0815419    .0007356    -.05673  -.00273
  NOV  18  52231 -.084532  .164497 -.0822083    .0006033    -.05646  -.00273
  NOV  19  52232 -.086593  .166426 -.0827747    .0005404    -.05614  -.00265
  NOV  20  52233 -.088952  .168516 -.0833135    .0005402    -.05581  -.00249
  NOV  21  52234 -.091605  .170597 -.0838747    .0005759    -.05551  -.00229
  NOV  22  52235 -.094436  .172945 -.0844786    .0006400    -.05524  -.00213
  NOV  23  52236 -.097417  .175587 -.0851609    .0007383    -.05504  -.00199
  NOV  24  52237 -.100626  .178059 -.0859544    .0008542    -.05494  -.00185
  NOV  25  52238 -.103655  .180521 -.0868625    .0009514    -.05495  -.00172
  NOV  26  52239 -.106062  .183105 -.0878455    .0009963    -.05508  -.00159
  NOV  27  52240 -.108103  .185561 -.0888399    .0009856    -.05530  -.00144
  NOV  28  52241 -.110204  .187959 -.0897989    .0009353    -.05556  -.00129
  NOV  29  52242 -.112581  .190317 -.0906924    .0008357    -.05580  -.00114
  NOV  30  52243 -.115334  .192826 -.0914559    .0007183    -.05589  -.00108
  DEC   1  52244 -.118453  .195519 -.0921237    .0005629    -.05577  -.00110
  DEC   2  52245 -.121664  .198018 -.0925896    .0003634    -.05544  -.00120
  DEC   3  52246 -.124565  .200229 -.0928721    .0002420    -.05495  -.00132
  DEC   4  52247 -.127133  .202478 -.0931036    .0002543    -.05439  -.00141
  DEC   5  52248 -.129456  .205229 -.0934108    .0003644    -.05387  -.00141
  DEC   6  52249 -.131792  .208534 -.0938538    .0005390    -.05356  -.00122
  DEC   7  52250 -.134543  .211694 -.0944956    .0007485    -.05350  -.00096
  DEC   8  52251 -.137768  .214395 -.0953405    .0009670    -.05369  -.00075
  DEC   9  52252 -.140951  .216867 -.0964046    .0011493    -.05407  -.00066
  DEC  10  52253 -.143835  .219613 -.0976050    .0012087    -.05453  -.00074
  DEC  11  52254 -.146704  .222585 -.0987873    .0011246    -.05494  -.00097
  DEC  12  52255 -.149816  .225287 -.0998273    .0009559    -.05518  -.00129
  DEC  13  52256 -.152691  .227819 -.1006868    .0007884    -.05515  -.00138
  DEC  14  52257 -.155230  .230476 -.1014080    .0005979    -.05488  -.00125
  DEC  15  52258 -.157749  .233169 -.1018994    .0003973    -.05448  -.00119
  DEC  16  52259 -.159999  .235805 -.1022265    .0003032    -.05404  -.00118
  DEC  17  52260 -.161963  .238561 -.1025305    .0003324    -.05369  -.00125
  DEC  18  52261 -.163897  .241548 -.1029124    .0004182    -.05348  -.00136
  DEC  19  52262 -.165874  .244822 -.1033821    .0005152    -.05344  -.00147
  DEC  20  52263 -.167806  .248254 -.1039512    .0006765    -.05355  -.00146
  DEC  21  52264 -.169261  .251734 -.1047366    .0009146    -.05376  -.00137
  DEC  22  52265 -.170334  .255303 -.1057750    .0010983    -.05402  -.00122
  DEC  23  52266 -.171334  .258938 -.1069228    .0011558    -.05426  -.00104
  DEC  24  52267 -.172042  .262566 -.1080731    .0011528    -.05445  -.00089
  DEC  25  52268 -.172601  .266397 -.1092131    .0011500    -.05456  -.00077
  DEC  26  52269 -.173018  .270480 -.1103570    .0011426    -.05459  -.00069
  DEC  27  52270 -.173522  .274650 -.1114832    .0010927    -.05452  -.00065
  DEC  28  52271 -.174540  .278558 -.1125330    .0009869    -.05435  -.00064
  DEC  29  52272 -.175294  .282320 -.1134584    .0008638    -.05410  -.00064
  DEC  30  52273 -.175926  .286348 -.1142765    .0007768    -.05377  -.00066
  DEC  31  52274 -.176633  .290282 -.1150408    .0007576    -.05342  -.00069
