 

                   INTERNATIONAL EARTH ROTATION SERVICE
                        EARTH ROTATION PARAMETERS
                          EOP (IERS) C 04

  
             FORMAT(2X,A4,I3,2X,I5,2F9.6,F10.7,2X,F10.7,2X,2F9.5)
******************************************************************************
  
    Date    MJD      x        y      UT1-UTC       LOD        dPsi   dEpsilon
                     "        "         s           s          "         "
     (0h UTC)
 
  
  YEAR ==> 2004

  JAN   1  53005  .031257  .153777 -.3895947    .0005006    -.05607  -.00020
  JAN   2  53006  .028881  .153557 -.3900751    .0004329    -.05613  -.00029
  JAN   3  53007  .026702  .153743 -.3904547    .0002773    -.05609  -.00048
  JAN   4  53008  .024272  .154232 -.3906313    .0000780    -.05595  -.00070
  JAN   5  53009  .021593  .154807 -.3906200   -.0000618    -.05573  -.00090
  JAN   6  53010  .018790  .155439 -.3905243   -.0000953    -.05546  -.00103
  JAN   7  53011  .015955  .156145 -.3904515   -.0000418    -.05516  -.00107
  JAN   8  53012  .012984  .156854 -.3904657    .0000737    -.05486  -.00109
  JAN   9  53013  .010151  .157359 -.3906234    .0002563    -.05458  -.00111
  JAN  10  53014  .007705  .157633 -.3909981    .0004839    -.05438  -.00121
  JAN  11  53015  .005355  .157844 -.3916024    .0007295    -.05423  -.00131
  JAN  12  53016  .003034  .158317 -.3924567    .0009901    -.05413  -.00130
  JAN  13  53017  .001149  .159011 -.3935691    .0012145    -.05409  -.00112
  JAN  14  53018 -.000957  .159992 -.3948595    .0012988    -.05411  -.00075
  JAN  15  53019 -.003269  .161359 -.3961312    .0012246    -.05433  -.00055
  JAN  16  53020 -.005396  .162608 -.3972706    .0010803    -.05475  -.00059
  JAN  17  53021 -.007549  .163695 -.3982611    .0008593    -.05522  -.00065
  JAN  18  53022 -.010169  .165024 -.3989770    .0005700    -.05563  -.00070
  JAN  19  53023 -.013227  .166278 -.3994136    .0003229    -.05584  -.00079
  JAN  20  53024 -.016181  .167220 -.3996580    .0001914    -.05583  -.00091
  JAN  21  53025 -.018641  .168309 -.3998424    .0001905    -.05561  -.00106
  JAN  22  53026 -.021091  .169992 -.4000791    .0002859    -.05526  -.00122
  JAN  23  53027 -.023833  .171785 -.4004350    .0004497    -.05494  -.00132
  JAN  24  53028 -.026221  .173140 -.4009755    .0006236    -.05478  -.00128
  JAN  25  53029 -.027888  .174432 -.4016603    .0007522    -.05481  -.00112
  JAN  26  53030 -.029111  .175857 -.4024490    .0008341    -.05500  -.00091
  JAN  27  53031 -.030224  .177423 -.4032985    .0008340    -.05526  -.00074
  JAN  28  53032 -.031610  .179160 -.4040933    .0007037    -.05547  -.00072
  JAN  29  53033 -.033486  .181004 -.4046907    .0004780    -.05559  -.00084
  JAN  30  53034 -.035954  .182930 -.4050424    .0002492    -.05561  -.00108
  JAN  31  53035 -.038950  .184631 -.4051902    .0000487    -.05549  -.00131
  FEB   1  53036 -.042020  .185897 -.4051483   -.0001211    -.05526  -.00147
  FEB   2  53037 -.044933  .187035 -.4049635   -.0002279    -.05499  -.00154
  FEB   3  53038 -.047949  .188054 -.4047140   -.0002671    -.05470  -.00152
  FEB   4  53039 -.051170  .188965 -.4044543   -.0002679    -.05464  -.00167
  FEB   5  53040 -.054177  .189768 -.4042042   -.0001839    -.05457  -.00181
  FEB   6  53041 -.056626  .190712 -.4041097   -.0000006    -.05439  -.00186
  FEB   7  53042 -.058776  .191970 -.4042179    .0002731    -.05401  -.00173
  FEB   8  53043 -.060655  .193548 -.4046576    .0005507    -.05373  -.00163
  FEB   9  53044 -.062588  .195320 -.4053055    .0007401    -.05368  -.00159
  FEB  10  53045 -.064883  .197203 -.4061097    .0008841    -.05391  -.00157
  FEB  11  53046 -.067673  .199099 -.4070365    .0009460    -.05439  -.00155
  FEB  12  53047 -.070731  .200906 -.4079623    .0008693    -.05417  -.00055
  FEB  13  53048 -.073748  .202617 -.4087510    .0006851    -.05478  -.00059
  FEB  14  53049 -.076771  .204427 -.4093278    .0004557    -.05519  -.00070
  FEB  15  53050 -.079486  .206190 -.4096661    .0002299    -.05526  -.00091
  FEB  16  53051 -.081513  .208053 -.4098063    .0001249    -.05496  -.00119
  FEB  17  53052 -.082828  .210126 -.4098489    .0000853    -.05437  -.00147
  FEB  18  53053 -.084372  .212396 -.4099616    .0001832    -.05365  -.00167
  FEB  19  53054 -.086120  .214656 -.4102684    .0004655    -.05300  -.00172
