 

                   INTERNATIONAL EARTH ROTATION SERVICE
                        EARTH ROTATION PARAMETERS
                             EOP (IERS) C 04

  
             FORMAT(2X,A4,I3,2X,I5,2F9.5,F10.6,2X,F10.6,2X,2F9.5)
******************************************************************************
  
    Date    MJD     x        y      UT1-UTC       LOD        dPsi   dEpsilon
                    "        "         s           s          "         "
     (0h UTC)
 
  
  YEAR ==> 1989

  JAN   1  47527  -.16037   .31634  -.115940     .001432    -.00257   .00203
  JAN   2  47528  -.15956   .31881  -.117328     .001335    -.00276   .00201
  JAN   3  47529  -.15862   .32131  -.118600     .001193    -.00300   .00196
  JAN   4  47530  -.15756   .32385  -.119712     .001019    -.00298   .00192
  JAN   5  47531  -.15643   .32618  -.120649     .000852    -.00301   .00182
  JAN   6  47532  -.15526   .32843  -.121441     .000741    -.00296   .00178
  JAN   7  47533  -.15397   .33074  -.122168     .000738    -.00289   .00180
  JAN   8  47534  -.15250   .33303  -.122957     .000867    -.00279   .00179
  JAN   9  47535  -.15093   .33610  -.123936     .001112    -.00242   .00172
  JAN  10  47536  -.14956   .33918  -.125192     .001409    -.00191   .00166
  JAN  11  47537  -.14860   .34189  -.126739     .001674    -.00176   .00150
  JAN  12  47538  -.14813   .34424  -.128501     .001830    -.00205   .00139
  JAN  13  47539  -.14777   .34652  -.130347     .001842    -.00271   .00142
  JAN  14  47540  -.14740   .34887  -.132134     .001720    -.00387   .00149
  JAN  15  47541  -.14686   .35123  -.133751     .001501    -.00445   .00149
  JAN  16  47542  -.14600   .35352  -.135123     .001236    -.00440   .00146
  JAN  17  47543  -.14485   .35575  -.136233     .000986    -.00388   .00151
  JAN  18  47544  -.14357   .35803  -.137123     .000810    -.00310   .00158
  JAN  19  47545  -.14221   .36040  -.137888     .000736    -.00280   .00140
  JAN  20  47546  -.14082   .36270  -.138630     .000766    -.00283   .00138
  JAN  21  47547  -.13951   .36486  -.139448     .000891    -.00268   .00143
  JAN  22  47548  -.13826   .36701  -.140429     .001091    -.00252   .00153
  JAN  23  47549  -.13694   .36926  -.141633     .001332    -.00229   .00167
  JAN  24  47550  -.13546   .37165  -.143085     .001561    -.00214   .00201
  JAN  25  47551  -.13394   .37407  -.144740     .001728    -.00195   .00223
  JAN  26  47552  -.13259   .37639  -.146522     .001815    -.00186   .00221
  JAN  27  47553  -.13161   .37849  -.148348     .001821    -.00183   .00192
  JAN  28  47554  -.13098   .38035  -.150144     .001755    -.00187   .00156
  JAN  29  47555  -.13035   .38213  -.151842     .001626    -.00242   .00135
  JAN  30  47556  -.12956   .38390  -.153383     .001449    -.00311   .00141
  JAN  31  47557  -.12869   .38566  -.154739     .001264    -.00383   .00137
  FEB   1  47558  -.12767   .38754  -.155918     .001104    -.00431   .00125
  FEB   2  47559  -.12620   .38967  -.156966     .001004    -.00437   .00109
  FEB   3  47560  -.12416   .39217  -.157959     .000991    -.00380   .00069
  FEB   4  47561  -.12189   .39485  -.158988     .001089    -.00288   .00056
  FEB   5  47562  -.11970   .39769  -.160176     .001309    -.00196   .00067
  FEB   6  47563  -.11779   .40058  -.161633     .001623    -.00139   .00092
  FEB   7  47564  -.11598   .40345  -.163420     .001959    -.00149   .00106
  FEB   8  47565  -.11408   .40616  -.165517     .002218    -.00244   .00106
  FEB   9  47566  -.11199   .40856  -.167800     .002306    -.00339   .00092
  FEB  10  47567  -.10983   .41058  -.170069     .002197    -.00376   .00090
  FEB  11  47568  -.10774   .41220  -.172147     .001929    -.00387   .00083
  FEB  12  47569  -.10569   .41343  -.173909     .001580    -.00367   .00070
  FEB  13  47570  -.10343   .41447  -.175314     .001236    -.00330   .00046
  FEB  14  47571  -.10081   .41581  -.176410     .000973    -.00277   .00012
  FEB  15  47572  -.09791   .41779  -.177298     .000820    -.00220   .00002
  FEB  16  47573  -.09494   .42024  -.178086     .000778    -.00165  -.00012
  FEB  17  47574  -.09221   .42278  -.178883     .000841    -.00159  -.00019
  FEB  18  47575  -.08999   .42502  -.179788     .000990    -.00209  -.00011
  FEB  19  47576  -.08833   .42691  -.180871     .001182    -.00272  -.00008
  FEB  20  47577  -.08694   .42857  -.182149     .001369    -.00291  -.00003
  FEB  21  47578  -.08525   .43027  -.183596     .001518    -.00276   .00030
  FEB  22  47579  -.08297   .43212  -.185166     .001614    -.00235   .00059
  FEB  23  47580  -.08020   .43405  -.186800     .001645    -.00211   .00072
  FEB  24  47581  -.07693   .43606  -.188433     .001611    -.00197   .00058
  FEB  25  47582  -.07332   .43830  -.190003     .001526    -.00175   .00029
  FEB  26  47583  -.06973   .44078  -.191471     .001406    -.00160   .00006
  FEB  27  47584  -.06637   .44340  -.192810     .001264    -.00148  -.00029
  FEB  28  47585  -.06321   .44594  -.194005     .001121    -.00149  -.00042
  MAR   1  47586  -.06054   .44825  -.195065     .001000    -.00159  -.00070
  MAR   2  47587  -.05853   .45022  -.196030     .000941    -.00182  -.00092
  MAR   3  47588  -.05686   .45184  -.196984     .000990    -.00217  -.00117
  MAR   4  47589  -.05511   .45319  -.198053     .001185    -.00281  -.00137
  MAR   5  47590  -.05305   .45448  -.199390     .001522    -.00359  -.00143
  MAR   6  47591  -.05088   .45585  -.201112     .001925    -.00414  -.00129
  MAR   7  47592  -.04868   .45724  -.203225     .002286    -.00415  -.00107
  MAR   8  47593  -.04637   .45845  -.205636     .002507    -.00387  -.00069
  MAR   9  47594  -.04369   .45945  -.208173     .002533    -.00334  -.00028
  MAR  10  47595  -.04058   .46036  -.210640     .002371    -.00308  -.00034
  MAR  11  47596  -.03730   .46141  -.212876     .002079    -.00282  -.00055
  MAR  12  47597  -.03408   .46268  -.214792     .001743    -.00241  -.00079
  MAR  13  47598  -.03106   .46412  -.216385     .001445    -.00203  -.00114
  MAR  14  47599  -.02830   .46562  -.217721     .001237    -.00160  -.00145
  MAR  15  47600  -.02565   .46706  -.218901     .001142    -.00137  -.00161
  MAR  16  47601  -.02293   .46848  -.220039     .001165    -.00130  -.00171
  MAR  17  47602  -.02005   .47001  -.221252     .001284    -.00127  -.00164
  MAR  18  47603  -.01703   .47162  -.222617     .001460    -.00145  -.00152
  MAR  19  47604  -.01391   .47318  -.224171     .001657    -.00159  -.00148
  MAR  20  47605  -.01079   .47448  -.225922     .001841    -.00150  -.00134
  MAR  21  47606  -.00773   .47550  -.227836     .001970    -.00145  -.00123
  MAR  22  47607  -.00469   .47634  -.229839     .002016    -.00139  -.00118
  MAR  23  47608  -.00161   .47715  -.231845     .001979    -.00146  -.00120
  MAR  24  47609   .00158   .47798  -.233776     .001866    -.00137  -.00127
  MAR  25  47610   .00489   .47870  -.235561     .001697    -.00127  -.00160
  MAR  26  47611   .00824   .47928  -.237165     .001513    -.00020  -.00190
  MAR  27  47612   .01148   .47989  -.238589     .001342    -.00077  -.00218
  MAR  28  47613   .01452   .48048  -.239860     .001197    -.00070  -.00228
  MAR  29  47614   .01737   .48089  -.241004     .001087    -.00084  -.00212
  MAR  30  47615   .02023   .48093  -.242063     .001043    -.00088  -.00219
  MAR  31  47616   .02323   .48079  -.243127     .001107    -.00098  -.00221
  APR   1  47617   .02641   .48079  -.244314     .001296    -.00111  -.00228
  APR   2  47618   .02967   .48106  -.245743     .001586    -.00131  -.00243
  APR   3  47619   .03301   .48152  -.247488     .001910    -.00137  -.00260
  APR   4  47620   .03649   .48188  -.249534     .002167    -.00136  -.00261
  APR   5  47621   .04011   .48197  -.251766     .002265    -.00142  -.00248
  APR   6  47622   .04382   .48197  -.253999     .002169    -.00148  -.00232
  APR   7  47623   .04752   .48197  -.256050     .001905    -.00136  -.00211
  APR   8  47624   .05099   .48210  -.257786     .001563    -.00120  -.00195
  APR   9  47625   .05416   .48231  -.259185     .001259    -.00118  -.00209
  APR  10  47626   .05702   .48252  -.260339     .001081    -.00119  -.00242
  APR  11  47627   .05965   .48267  -.261392     .001046    -.00098  -.00280
  APR  12  47628   .06222   .48267  -.262473     .001125    -.00082  -.00302
  APR  13  47629   .06489   .48263  -.263669     .001271    -.00067  -.00307
  APR  14  47630   .06776   .48255  -.265026     .001447    -.00051  -.00287
  APR  15  47631   .07087   .48242  -.266562     .001630    -.00039  -.00253
  APR  16  47632   .07415   .48218  -.268277     .001799    -.00045  -.00208
  APR  17  47633   .07744   .48195  -.270145     .001934    -.00055  -.00186
  APR  18  47634   .08057   .48181  -.272125     .002022    -.00068  -.00179
  APR  19  47635   .08335   .48188  -.274168     .002061    -.00075  -.00199
  APR  20  47636   .08582   .48213  -.276228     .002056    -.00020  -.00260
  APR  21  47637   .08812   .48232  -.278264     .002005    -.00042  -.00276
  APR  22  47638   .09043   .48222  -.280230     .001910    -.00011  -.00310
  APR  23  47639   .09269   .48189  -.282082     .001779     .00007  -.00314
  APR  24  47640   .09471   .48151  -.283799     .001646    -.00030  -.00325
  APR  25  47641   .09646   .48119  -.285394     .001550    -.00086  -.00341
  APR  26  47642   .09804   .48093  -.286925     .001525    -.00079  -.00341
  APR  27  47643   .09967   .48041  -.288477     .001585    -.00047  -.00334
  APR  28  47644   .10153   .47949  -.290129     .001728    -.00005  -.00322
  APR  29  47645   .10359   .47836  -.291958     .001946     .00001  -.00308
  APR  30  47646   .10578   .47735  -.294030     .002207    -.00010  -.00294
  MAY   1  47647   .10804   .47665  -.296359     .002444    -.00035  -.00283
  MAY   2  47648   .11030   .47605  -.298879     .002570    -.00070  -.00278
  MAY   3  47649   .11260   .47527  -.301443     .002526    -.00107  -.00280
  MAY   4  47650   .11505   .47417  -.303873     .002309    -.00128  -.00288
  MAY   5  47651   .11775   .47296  -.306022     .001989    -.00127  -.00290
  MAY   6  47652   .12073   .47183  -.307842     .001660    -.00120  -.00305
  MAY   7  47653   .12392   .47090  -.309366     .001403    -.00107  -.00308
  MAY   8  47654   .12714   .47004  -.310690     .001254    -.00109  -.00308
  MAY   9  47655   .13017   .46926  -.311919     .001223    -.00144  -.00302
  MAY  10  47656   .13275   .46869  -.313169     .001297    -.00167  -.00299
  MAY  11  47657   .13501   .46822  -.314532     .001442    -.00168  -.00301
  MAY  12  47658   .13726   .46767  -.316055     .001612    -.00161  -.00287
  MAY  13  47659   .13990   .46687  -.317747     .001766    -.00151  -.00283
  MAY  14  47660   .14284   .46589  -.319573     .001866    -.00157  -.00270
  MAY  15  47661   .14583   .46463  -.321462     .001895    -.00176  -.00251
  MAY  16  47662   .14864   .46290  -.323341     .001859    -.00183  -.00248
  MAY  17  47663   .15112   .46072  -.325157     .001773    -.00178  -.00262
  MAY  18  47664   .15328   .45834  -.326870     .001658    -.00166  -.00281
  MAY  19  47665   .15531   .45617  -.328462     .001532    -.00160  -.00305
  MAY  20  47666   .15747   .45431  -.329932     .001413    -.00167  -.00330
  MAY  21  47667   .15983   .45283  -.331294     .001310    -.00179  -.00332
  MAY  22  47668   .16213   .45167  -.332571     .001241    -.00208  -.00330
  MAY  23  47669   .16415   .45068  -.333801     .001226    -.00231  -.00312
  MAY  24  47670   .16593   .44958  -.335054     .001298    -.00246  -.00297
  MAY  25  47671   .16740   .44809  -.336428     .001467    -.00261  -.00286
  MAY  26  47672   .16876   .44611  -.338012     .001713    -.00249  -.00293
  MAY  27  47673   .17026   .44388  -.339863     .001989    -.00225  -.00308
  MAY  28  47674   .17200   .44176  -.341980     .002232    -.00206  -.00316
  MAY  29  47675   .17413   .43983  -.344298     .002386    -.00188  -.00329
  MAY  30  47676   .17650   .43825  -.346707     .002408    -.00185  -.00339
  MAY  31  47677   .17889   .43709  -.349063     .002273    -.00199  -.00345
  JUN   1  47678   .18115   .43607  -.351210     .001994    -.00233  -.00346
  JUN   2  47679   .18311   .43483  -.353030     .001625    -.00291  -.00330
  JUN   3  47680   .18472   .43312  -.354469     .001267    -.00343  -.00314
  JUN   4  47681   .18613   .43102  -.355597     .001019    -.00369  -.00295
  JUN   5  47682   .18751   .42887  -.356551     .000922    -.00345  -.00291
  JUN   6  47683   .18891   .42711  -.357479     .000956    -.00299  -.00311
  JUN   7  47684   .19049   .42553  -.358487     .001071    -.00236  -.00324
  JUN   8  47685   .19232   .42394  -.359629     .001221    -.00245  -.00312
  JUN   9  47686   .19435   .42225  -.360922     .001370    -.00279  -.00298
  JUN  10  47687   .19650   .42043  -.362353     .001489    -.00330  -.00274
  JUN  11  47688   .19874   .41847  -.363881     .001558    -.00386  -.00263
  JUN  12  47689   .20099   .41638  -.365448     .001550    -.00421  -.00258
  JUN  13  47690   .20333   .41413  -.366960     .001464    -.00447  -.00270
  JUN  14  47691   .20543   .41188  -.368359     .001330    -.00478  -.00278
  JUN  15  47692   .20704   .40971  -.369608     .001163    -.00497  -.00290
  JUN  16  47693   .20852   .40742  -.370682     .000976    -.00500  -.00295
  JUN  17  47694   .21018   .40487  -.371565     .000788    -.00486  -.00308
  JUN  18  47695   .21186   .40219  -.372273     .000637    -.00509  -.00298
  JUN  19  47696   .21343   .39955  -.372864     .000567    -.00533  -.00272
  JUN  20  47697   .21508   .39697  -.373438     .000607    -.00567  -.00249
  JUN  21  47698   .21704   .39453  -.374112     .000755    -.00587  -.00230
  JUN  22  47699   .21922   .39207  -.374975     .000979    -.00601  -.00237
  JUN  23  47700   .22157   .38950  -.376080     .001235    -.00611  -.00253
  JUN  24  47701   .22391   .38692  -.377435     .001462    -.00618  -.00270
  JUN  25  47702   .22608   .38429  -.378977     .001597    -.00657  -.00271
  JUN  26  47703   .22802   .38154  -.380588     .001600    -.00703  -.00268
  JUN  27  47704   .22974   .37876  -.382129     .001456    -.00749  -.00252
  JUN  28  47705   .23168   .37584  -.383462     .001198    -.00766  -.00252
  JUN  29  47706   .23388   .37294  -.384503     .000889    -.00760  -.00255
  JUN  30  47707   .23608   .37026  -.385242     .000596    -.00737  -.00260
  JUL   1  47708   .23796   .36765  -.385719     .000371    -.00698  -.00272
  JUL   2  47709   .23940   .36489  -.386024     .000256    -.00677  -.00270
  JUL   3  47710   .24054   .36196  -.386273     .000277    -.00670  -.00242
  JUL   4  47711   .24163   .35897  -.386608     .000422    -.00676  -.00217
  JUL   5  47712   .24284   .35598  -.387130     .000630    -.00700  -.00196
  JUL   6  47713   .24441   .35311  -.387868     .000841    -.00729  -.00192
  JUL   7  47714   .24614   .35030  -.388798     .001013    -.00765  -.00208
  JUL   8  47715   .24768   .34752  -.389872     .001121    -.00826  -.00216
  JUL   9  47716   .24895   .34472  -.391018     .001159    -.00879  -.00219
  JUL  10  47717   .25006   .34188  -.392166     .001128    -.00916  -.00229
  JUL  11  47718   .25124   .33892  -.393256     .001050    -.00900  -.00235
  JUL  12  47719   .25255   .33581  -.394253     .000945    -.00843  -.00246
  JUL  13  47720   .25365   .33261  -.395141     .000831    -.00821  -.00240
  JUL  14  47721   .25458   .32946  -.395916     .000724    -.00842  -.00224
  JUL  15  47722   .25579   .32658  -.396600     .000650    -.00879  -.00216
  JUL  16  47723   .25705   .32389  -.397238     .000630    -.00905  -.00191
  JUL  17  47724   .25814   .32130  -.397889     .000671    -.00928  -.00191
  JUL  18  47725   .25884   .31870  -.398616     .000788    -.00916  -.00204
  JUL  19  47726   .25919   .31610  -.399496     .000990    -.00905  -.00232
  JUL  20  47727   .25936   .31350  -.400614     .001267    -.00899  -.00237
  JUL  21  47728   .25949   .31088  -.402027     .001560    -.00911  -.00233
  JUL  22  47729   .25962   .30814  -.403707     .001772    -.00947  -.00223
  JUL  23  47730   .25977   .30524  -.405524     .001824    -.01021  -.00238
  JUL  24  47731   .25991   .30211  -.407304     .001711    -.01108  -.00250
  JUL  25  47732   .26002   .29875  -.408903     .001476    -.01169  -.00268
  JUL  26  47733   .26008   .29512  -.410236     .001183    -.01177  -.00261
  JUL  27  47734   .26009   .29140  -.411270     .000892    -.01150  -.00265
  JUL  28  47735   .26014   .28785  -.412041     .000660    -.01126  -.00259
  JUL  29  47736   .26025   .28445  -.412626     .000525    -.01118  -.00248
  JUL  30  47737   .26030   .28108  -.413131     .000504    -.01112  -.00242
  JUL  31  47738   .26017   .27788  -.413667     .000586    -.01086  -.00229
  AUG   1  47739   .25976   .27481  -.414323     .000737    -.01057  -.00230
  AUG   2  47740   .25918   .27179  -.415146     .000909    -.01021  -.00207
  AUG   3  47741   .25874   .26867  -.416131     .001056    -.00991  -.00192
  AUG   4  47742   .25871   .26545  -.417239     .001159    -.01018  -.00199
  AUG   5  47743   .25912   .26234  -.418425     .001210    -.01068  -.00211
  AUG   6  47744   .25964   .25950  -.419634     .001203    -.01164  -.00218
  AUG   7  47745   .25980   .25691  -.420810     .001139    -.01210  -.00212
  AUG   8  47746   .25949   .25427  -.421897     .001030    -.01197  -.00202
  AUG   9  47747   .25910   .25125  -.422863     .000897    -.01170  -.00205
  AUG  10  47748   .25903   .24777  -.423692     .000758    -.01197  -.00200
  AUG  11  47749   .25948   .24408  -.424388     .000633    -.01258  -.00212
  AUG  12  47750   .25984   .24067  -.424976     .000559    -.01266  -.00230
  AUG  13  47751   .26001   .23760  -.425532     .000576    -.01220  -.00262
  AUG  14  47752   .26000   .23473  -.426163     .000714    -.01175  -.00287
  AUG  15  47753   .25977   .23192  -.426996     .000973    -.01130  -.00306
  AUG  16  47754   .25930   .22906  -.428137     .001301    -.01099  -.00322
  AUG  17  47755   .25853   .22608  -.429605     .001623    -.01125  -.00298
  AUG  18  47756   .25746   .22299  -.431364     .001884    -.01187  -.00266
  AUG  19  47757   .25610   .21980  -.433329     .002018    -.01260  -.00229
  AUG  20  47758   .25454   .21653  -.435341     .001975    -.01337  -.00199
  AUG  21  47759   .25317   .21325  -.437227     .001776    -.01400  -.00185
  AUG  22  47760   .25221   .20998  -.438860     .001481    -.01463  -.00176
  AUG  23  47761   .25174   .20666  -.440184     .001160    -.01491  -.00170
  AUG  24  47762   .25156   .20326  -.441200     .000880    -.01482  -.00185
  AUG  25  47763   .25146   .19983  -.441981     .000696    -.01448  -.00196
  AUG  26  47764   .25124   .19657  -.442633     .000637    -.01394  -.00212
  AUG  27  47765   .25093   .19388  -.443291     .000699    -.01337  -.00231
  AUG  28  47766   .25038   .19162  -.444055     .000843    -.01305  -.00264
  AUG  29  47767   .24946   .18945  -.444986     .001023    -.01284  -.00271
  AUG  30  47768   .24811   .18699  -.446097     .001203    -.01279  -.00257
  AUG  31  47769   .24632   .18412  -.447376     .001356    -.01281  -.00203
  SEP   1  47770   .24408   .18079  -.448787     .001459    -.01297  -.00153
  SEP   2  47771   .24161   .17715  -.450269     .001485    -.01322  -.00138
  SEP   3  47772   .23925   .17345  -.451734     .001422    -.01359  -.00140
  SEP   4  47773   .23730   .16997  -.453094     .001278    -.01389  -.00158
  SEP   5  47774   .23566   .16667  -.454280     .001087    -.01418  -.00191
  SEP   6  47775   .23410   .16351  -.455265     .000891    -.01450  -.00225
  SEP   7  47776   .23220   .16094  -.456069     .000734    -.01475  -.00259
  SEP   8  47777   .22988   .15878  -.456748     .000644    -.01477  -.00278
  SEP   9  47778   .22738   .15635  -.457379     .000634    -.01452  -.00292
  SEP  10  47779   .22478   .15366  -.458046     .000708    -.01406  -.00279
  SEP  11  47780   .22206   .15101  -.458831     .000871    -.01337  -.00240
  SEP  12  47781   .21948   .14847  -.459820     .001124    -.01301  -.00207
  SEP  13  47782   .21716   .14606  -.461099     .001449    -.01311  -.00192
  SEP  14  47783   .21496   .14378  -.462714     .001783    -.01349  -.00189
  SEP  15  47784   .21268   .14167  -.464633     .002047    -.01388  -.00191
  SEP  16  47785   .21019   .13976  -.466753     .002163    -.01385  -.00188
  SEP  17  47786   .20767   .13790  -.468898     .002090    -.01380  -.00182
  SEP  18  47787   .20537   .13595  -.470884     .001850    -.01377  -.00192
  SEP  19  47788   .20298   .13366  -.472579     .001533    -.01390  -.00196
  SEP  20  47789   .20032   .13100  -.473963     .001249    -.01407  -.00190
  SEP  21  47790   .19762   .12830  -.475113     .001064    -.01417  -.00163
  SEP  22  47791   .19472   .12581  -.476134     .000995    -.01416  -.00160
  SEP  23  47792   .19169   .12348  -.477144     .001042    -.01389  -.00172
  SEP  24  47793   .18865   .12130  -.478245     .001173    -.01355  -.00186
  SEP  25  47794   .18558   .11919  -.479501     .001355    -.01310  -.00186
  SEP  26  47795   .18231   .11698  -.480951     .001549    -.01269  -.00172
  SEP  27  47796   .17888   .11472  -.482589     .001723    -.01226  -.00147
  SEP  28  47797   .17547   .11247  -.484378     .001840    -.01217  -.00116
  SEP  29  47798   .17231   .11008  -.486245     .001875    -.01220  -.00079
  SEP  30  47799   .16951   .10749  -.488105     .001824    -.01227  -.00059
  OCT   1  47800   .16663   .10531  -.489873     .001702    -.01231  -.00055
  OCT   2  47801   .16343   .10386  -.491495     .001541    -.01233  -.00066
  OCT   3  47802   .15999   .10286  -.492951     .001375    -.01221  -.00091
  OCT   4  47803   .15644   .10201  -.494251     .001236    -.01202  -.00125
  OCT   5  47804   .15286   .10091  -.495435     .001146    -.01178  -.00166
  OCT   6  47805   .14917   .09954  -.496563     .001124    -.01184  -.00172
  OCT   7  47806   .14546   .09796  -.497708     .001178    -.01187  -.00161
  OCT   8  47807   .14194   .09634  -.498949     .001313    -.01205  -.00153
  OCT   9  47808   .13871   .09473  -.500366     .001529    -.01214  -.00141
  OCT  10  47809   .13582   .09323  -.502031     .001813    -.01209  -.00157
  OCT  11  47810   .13277   .09208  -.504003     .002134    -.01191  -.00163
  OCT  12  47811   .12919   .09130  -.506284     .002420    -.01188  -.00163
  OCT  13  47812   .12510   .09049  -.508803     .002597    -.01223  -.00168
  OCT  14  47813   .12069   .08940  -.511418     .002606    -.01239  -.00160
  OCT  15  47814   .11616   .08810  -.513957     .002448    -.01240  -.00148
  OCT  16  47815   .11165   .08676  -.516276     .002188    -.01198  -.00141
  OCT  17  47816   .10769   .08562  -.518327     .001927    -.01140  -.00126
  OCT  18  47817   .10416   .08481  -.520156     .001744    -.01115  -.00119
  OCT  19  47818   .10060   .08412  -.521862     .001679    -.01117  -.00119
  OCT  20  47819   .09670   .08332  -.523561     .001733    -.01111  -.00122
  OCT  21  47820   .09249   .08215  -.525359     .001876    -.01095  -.00129
  OCT  22  47821   .08845   .08070  -.527327     .002061    -.01076  -.00110
  OCT  23  47822   .08484   .07942  -.529481     .002238    -.01051  -.00086
  OCT  24  47823   .08162   .07863  -.531792     .002364    -.01052  -.00052
  OCT  25  47824   .07845   .07807  -.534190     .002413    -.01049  -.00029
  OCT  26  47825   .07506   .07751  -.536596     .002393    -.01019   .00000
  OCT  27  47826   .07153   .07697  -.538956     .002336    -.00995   .00012
  OCT  28  47827   .06808   .07669  -.541247     .002250    -.00981   .00018
  OCT  29  47828   .06455   .07668  -.543440     .002131    -.00988  -.00002
  OCT  30  47829   .06080   .07663  -.545502     .001989    -.01000  -.00036
  OCT  31  47830   .05700   .07620  -.547420     .001843    -.00997  -.00071
  NOV   1  47831   .05339   .07558  -.549200     .001709    -.00967  -.00083
  NOV   2  47832   .05004   .07506  -.550857     .001603    -.00925  -.00080
  NOV   3  47833   .04672   .07463  -.552430     .001555    -.00888  -.00072
  NOV   4  47834   .04319   .07440  -.553994     .001595    -.00874  -.00046
  NOV   5  47835   .03934   .07443  -.555647     .001739    -.00879  -.00046
  NOV   6  47836   .03508   .07459  -.557495     .001974    -.00879  -.00062
  NOV   7  47837   .03055   .07469  -.559610     .002261    -.00856  -.00067
  NOV   8  47838   .02610   .07469  -.562013     .002540    -.00848  -.00055
  NOV   9  47839   .02202   .07471  -.564665     .002748    -.00841  -.00039
  NOV  10  47840   .01830   .07478  -.567463     .002819    -.00868  -.00009
  NOV  11  47841   .01463   .07488  -.570248     .002719    -.00891   .00025
  NOV  12  47842   .01074   .07500  -.572854     .002473    -.00894   .00053
  NOV  13  47843   .00663   .07520  -.575171     .002166    -.00871   .00039
  NOV  14  47844   .00261   .07562  -.577197     .001907    -.00831   .00015
  NOV  15  47845  -.00108   .07630  -.579022     .001756    -.00787  -.00006
  NOV  16  47846  -.00453   .07710  -.580758     .001728    -.00743  -.00032
  NOV  17  47847  -.00800   .07788  -.582519     .001816    -.00716  -.00041
  NOV  18  47848  -.01163   .07860  -.584413     .001989    -.00714  -.00033
  NOV  19  47849  -.01523   .07929  -.586500     .002190    -.00754  -.00001
  NOV  20  47850  -.01860   .08012  -.588781     .002369    -.00769   .00023
  NOV  21  47851  -.02175   .08116  -.591218     .002494    -.00772   .00057
  NOV  22  47852  -.02492   .08247  -.593749     .002558    -.00758   .00077
  NOV  23  47853  -.02843   .08410  -.596314     .002561    -.00733   .00082
  NOV  24  47854  -.03231   .08592  -.598852     .002502    -.00710   .00080
  NOV  25  47855  -.03627   .08763  -.601302     .002380    -.00700   .00071
  NOV  26  47856  -.04023   .08925  -.603602     .002208    -.00698   .00069
  NOV  27  47857  -.04429   .09090  -.605717     .002034    -.00710   .00064
  NOV  28  47858  -.04847   .09244  -.607678     .001902    -.00715   .00061
  NOV  29  47859  -.05261   .09366  -.609538     .001830    -.00726   .00061
  NOV  30  47860  -.05649   .09453  -.611359     .001804    -.00700   .00058
  DEC   1  47861  -.05997   .09520  -.613173     .001821    -.00664   .00051
  DEC   2  47862  -.06305   .09592  -.615025     .001888    -.00616   .00051
  DEC   3  47863  -.06571   .09682  -.616970     .002011    -.00581   .00054
  DEC   4  47864  -.06789   .09795  -.619059     .002179    -.00572   .00068
  DEC   5  47865  -.06973   .09942  -.621327     .002363    -.00569   .00081
  DEC   6  47866  -.07155   .10137  -.623767     .002516    -.00570   .00080
  DEC   7  47867  -.07350   .10367  -.626326     .002588    -.00576   .00082
  DEC   8  47868  -.07557   .10607  -.628899     .002535    -.00581   .00078
  DEC   9  47869  -.07777   .10840  -.631351     .002345    -.00578   .00067
  DEC  10  47870  -.08016   .11068  -.633560     .002059    -.00570   .00064
  DEC  11  47871  -.08290   .11292  -.635466     .001760    -.00556   .00059
  DEC  12  47872  -.08610   .11512  -.637104     .001539    -.00536   .00057
  DEC  13  47873  -.08931   .11727  -.638588     .001456    -.00525   .00070
  DEC  14  47874  -.09206   .11947  -.640061     .001505    -.00548   .00098
  DEC  15  47875  -.09431   .12193  -.641631     .001642    -.00553   .00114
  DEC  16  47876  -.09624   .12464  -.643357     .001815    -.00529   .00115
  DEC  17  47877  -.09811   .12749  -.645252     .001979    -.00519   .00109
  DEC  18  47878  -.10016   .13029  -.647294     .002105    -.00516   .00113
  DEC  19  47879  -.10248   .13283  -.649438     .002177    -.00518   .00115
  DEC  20  47880  -.10493   .13508  -.651626     .002189    -.00552   .00101
  DEC  21  47881  -.10718   .13736  -.653796     .002138    -.00588   .00091
  DEC  22  47882  -.10918   .13969  -.655886     .002030    -.00592   .00085
  DEC  23  47883  -.11108   .14197  -.657846     .001871    -.00554   .00103
  DEC  24  47884  -.11333   .14407  -.659627     .001676    -.00501   .00109
  DEC  25  47885  -.11630   .14593  -.661206     .001482    -.00471   .00115
  DEC  26  47886  -.11965   .14782  -.662605     .001325    -.00467   .00114
  DEC  27  47887  -.12285   .15007  -.663878     .001236    -.00472   .00118
  DEC  28  47888  -.12559   .15282  -.665105     .001236    -.00495   .00120
  DEC  29  47889  -.12797   .15585  -.666378     .001330    -.00524   .00117
  DEC  30  47890  -.13002   .15904  -.667789     .001506    -.00524   .00109
  DEC  31  47891  -.13181   .16228  -.669403     .001731    -.00510   .00104
