 

                   INTERNATIONAL EARTH ROTATION SERVICE
                        EARTH ROTATION PARAMETERS
                             EOP (IERS) C 04

  
             FORMAT(2X,A4,I3,2X,I5,2F9.5,F10.6,2X,F10.6,2X,2F9.5)
******************************************************************************
  
    Date    MJD     x        y      UT1-UTC       LOD        dPsi   dEpsilon
                    "        "         s           s          "         "
     (0h UTC)
 
  
  YEAR ==> 1992

  JAN   1  48622   .18355   .16874  -.125151     .001838    -.01040  -.00106
  JAN   2  48623   .18076   .16695  -.126945     .001756    -.01035  -.00109
  JAN   3  48624   .17805   .16505  -.128686     .001734    -.01016  -.00109
  JAN   4  48625   .17562   .16301  -.130435     .001794    -.00990  -.00092
  JAN   5  48626   .17343   .16076  -.132291     .001916    -.00964  -.00059
  JAN   6  48627   .17138   .15879  -.134280     .002058    -.00946  -.00040
  JAN   7  48628   .16910   .15703  -.136414     .002218    -.00931  -.00036
  JAN   8  48629   .16676   .15497  -.138713     .002376    -.00922  -.00052
  JAN   9  48630   .16434   .15293  -.141158     .002517    -.00919  -.00059
  JAN  10  48631   .16154   .15117  -.143734     .002636    -.00919  -.00050
  JAN  11  48632   .15878   .14983  -.146415     .002695    -.00916  -.00058
  JAN  12  48633   .15591   .14862  -.149106     .002659    -.00931  -.00072
  JAN  13  48634   .15281   .14730  -.151715     .002559    -.00948  -.00082
  JAN  14  48635   .14957   .14588  -.154210     .002427    -.00990  -.00076
  JAN  15  48636   .14625   .14437  -.156564     .002297    -.01056  -.00061
  JAN  16  48637   .14330   .14319  -.158813     .002206    -.01076  -.00053
  JAN  17  48638   .14053   .14217  -.161000     .002173    -.01085  -.00060
  JAN  18  48639   .13765   .14118  -.163195     .002240    -.01078  -.00112
  JAN  19  48640   .13442   .14017  -.165518     .002434    -.01044  -.00146
  JAN  20  48641   .13086   .13896  -.168086     .002717    -.00989  -.00145
  JAN  21  48642   .12722   .13746  -.170949     .002998    -.00929  -.00131
  JAN  22  48643   .12378   .13567  -.174052     .003171    -.00886  -.00107
  JAN  23  48644   .12101   .13416  -.177244     .003184    -.00888  -.00095
  JAN  24  48645   .11857   .13289  -.180375     .003058    -.00931  -.00099
  JAN  25  48646   .11597   .13163  -.183329     .002848    -.00978  -.00109
  JAN  26  48647   .11310   .13031  -.186059     .002605    -.01001  -.00115
  JAN  27  48648   .11018   .12916  -.188544     .002372    -.01014  -.00127
  JAN  28  48649   .10734   .12826  -.190819     .002199    -.01021  -.00131
  JAN  29  48650   .10438   .12699  -.192962     .002102    -.01011  -.00145
  JAN  30  48651   .10182   .12578  -.195045     .002080    -.00967  -.00156
  JAN  31  48652   .09918   .12478  -.197145     .002129    -.00892  -.00172
  FEB   1  48653   .09649   .12393  -.199323     .002208    -.00876  -.00171
  FEB   2  48654   .09412   .12315  -.201576     .002294    -.00884  -.00163
  FEB   3  48655   .09231   .12241  -.203918     .002394    -.00904  -.00141
  FEB   4  48656   .09038   .12203  -.206366     .002512    -.00920  -.00136
  FEB   5  48657   .08781   .12206  -.208935     .002638    -.00902  -.00133
  FEB   6  48658   .08507   .12173  -.211630     .002745    -.00889  -.00152
  FEB   7  48659   .08231   .12109  -.214408     .002800    -.00914  -.00178
  FEB   8  48660   .07967   .12026  -.217210     .002770    -.00980  -.00180
  FEB   9  48661   .07700   .11939  -.219930     .002649    -.01011  -.00189
  FEB  10  48662   .07423   .11858  -.222494     .002483    -.00998  -.00202
  FEB  11  48663   .07132   .11790  -.224888     .002325    -.00989  -.00186
  FEB  12  48664   .06819   .11736  -.227149     .002175    -.01014  -.00129
  FEB  13  48665   .06475   .11695  -.229257     .002053    -.01046  -.00129
  FEB  14  48666   .06119   .11666  -.231287     .002033    -.01060  -.00172
  FEB  15  48667   .05783   .11655  -.233361     .002136    -.01084  -.00239
  FEB  16  48668   .05475   .11622  -.235590     .002345    -.01075  -.00279
  FEB  17  48669   .05193   .11588  -.238064     .002615    -.01050  -.00276
  FEB  18  48670   .04927   .11600  -.240806     .002867    -.01002  -.00251
  FEB  19  48671   .04653   .11647  -.243760     .003017    -.00980  -.00219
  FEB  20  48672   .04349   .11694  -.246789     .003004    -.00970  -.00210
  FEB  21  48673   .04017   .11719  -.249725     .002849    -.00976  -.00228
  FEB  22  48674   .03653   .11732  -.252459     .002638    -.00972  -.00233
  FEB  23  48675   .03275   .11726  -.254998     .002428    -.00958  -.00243
  FEB  24  48676   .02942   .11705  -.257328     .002229    -.00941  -.00266
  FEB  25  48677   .02639   .11666  -.259478     .002113    -.00936  -.00301
  FEB  26  48678   .02342   .11620  -.261578     .002037    -.00966  -.00323
  FEB  27  48679   .02031   .11585  -.263575     .001970    -.00984  -.00321
  FEB  28  48680   .01692   .11548  -.265539     .001976    -.00997  -.00312
  FEB  29  48681   .01328   .11503  -.267542     .002052    -.00963  -.00316
  MAR   1  48682   .00975   .11512  -.269654     .002189    -.00909  -.00315
  MAR   2  48683   .00627   .11570  -.271924     .002362    -.00869  -.00311
  MAR   3  48684   .00276   .11659  -.274374     .002540    -.00856  -.00307
  MAR   4  48685  -.00082   .11751  -.276994     .002707    -.00879  -.00305
  MAR   5  48686  -.00455   .11845  -.279773     .002827    -.00882  -.00309
  MAR   6  48687  -.00848   .11919  -.282629     .002845    -.00879  -.00319
  MAR   7  48688  -.01247   .11971  -.285443     .002798    -.00892  -.00345
  MAR   8  48689  -.01620   .12025  -.288208     .002724    -.00894  -.00347
  MAR   9  48690  -.01947   .12094  -.290883     .002595    -.00881  -.00331
  MAR  10  48691  -.02241   .12163  -.293401     .002454    -.00861  -.00335
  MAR  11  48692  -.02520   .12232  -.295805     .002396    -.00856  -.00346
  MAR  12  48693  -.02800   .12325  -.298218     .002434    -.00882  -.00372
  MAR  13  48694  -.03107   .12457  -.300705     .002561    -.00915  -.00410
  MAR  14  48695  -.03430   .12626  -.303372     .002782    -.00893  -.00433
  MAR  15  48696  -.03770   .12802  -.306291     .003051    -.00864  -.00441
  MAR  16  48697  -.04075   .12966  -.309475     .003322    -.00840  -.00436
  MAR  17  48698  -.04390   .13154  -.312913     .003534    -.00832  -.00432
  MAR  18  48699  -.04753   .13385  -.316501     .003596    -.00839  -.00432
  MAR  19  48700  -.05111   .13592  -.320057     .003503    -.00855  -.00428
  MAR  20  48701  -.05451   .13780  -.323471     .003312    -.00881  -.00420
  MAR  21  48702  -.05766   .13950  -.326662     .003057    -.00901  -.00419
  MAR  22  48703  -.06064   .14116  -.329586     .002803    -.00908  -.00432
  MAR  23  48704  -.06351   .14288  -.332285     .002626    -.00879  -.00456
  MAR  24  48705  -.06621   .14471  -.334862     .002537    -.00844  -.00480
  MAR  25  48706  -.06862   .14678  -.337385     .002483    -.00805  -.00489
  MAR  26  48707  -.07074   .14909  -.339849     .002457    -.00789  -.00492
  MAR  27  48708  -.07261   .15146  -.342314     .002496    -.00763  -.00489
  MAR  28  48709  -.07445   .15357  -.344853     .002588    -.00765  -.00489
  MAR  29  48710  -.07635   .15573  -.347497     .002705    -.00770  -.00496
  MAR  30  48711  -.07836   .15837  -.350262     .002837    -.00792  -.00491
  MAR  31  48712  -.08040   .16132  -.353165     .002964    -.00810  -.00488
  APR   1  48713  -.08231   .16351  -.356176     .003030    -.00811  -.00470
  APR   2  48714  -.08417   .16513  -.359207     .003039    -.00767  -.00478
  APR   3  48715  -.08616   .16681  -.362234     .002990    -.00702  -.00493
  APR   4  48716  -.08837   .16847  -.365168     .002861    -.00699  -.00503
  APR   5  48717  -.09055   .17004  -.367943     .002684    -.00741  -.00507
  APR   6  48718  -.09245   .17149  -.370533     .002522    -.00786  -.00501
  APR   7  48719  -.09412   .17314  -.372999     .002407    -.00815  -.00513
  APR   8  48720  -.09570   .17517  -.375371     .002353    -.00793  -.00541
  APR   9  48721  -.09728   .17742  -.377735     .002396    -.00757  -.00572
  APR  10  48722  -.09883   .17967  -.380194     .002547    -.00713  -.00596
  APR  11  48723  -.10031   .18190  -.382851     .002800    -.00678  -.00605
  APR  12  48724  -.10161   .18422  -.385799     .003091    -.00669  -.00611
  APR  13  48725  -.10328   .18662  -.389019     .003333    -.00667  -.00607
  APR  14  48726  -.10512   .18903  -.392437     .003473    -.00689  -.00595
  APR  15  48727  -.10678   .19156  -.395926     .003512    -.00743  -.00569
  APR  16  48728  -.10851   .19440  -.399423     .003428    -.00770  -.00539
  APR  17  48729  -.11047   .19758  -.402756     .003201    -.00792  -.00526
  APR  18  48730  -.11246   .20028  -.405817     .002914    -.00794  -.00527
  APR  19  48731  -.11438   .20237  -.408593     .002635    -.00791  -.00552
  APR  20  48732  -.11622   .20425  -.411109     .002413    -.00781  -.00576
  APR  21  48733  -.11795   .20614  -.413446     .002291    -.00766  -.00586
  APR  22  48734  -.11958   .20821  -.415715     .002245    -.00761  -.00572
  APR  23  48735  -.12111   .21044  -.417955     .002254    -.00784  -.00580
  APR  24  48736  -.12258   .21288  -.420238     .002317    -.00823  -.00603
  APR  25  48737  -.12410   .21548  -.422597     .002429    -.00803  -.00620
  APR  26  48738  -.12570   .21809  -.425097     .002582    -.00740  -.00626
  APR  27  48739  -.12731   .22059  -.427757     .002718    -.00693  -.00622
  APR  28  48740  -.12871   .22294  -.430522     .002787    -.00700  -.00622
  APR  29  48741  -.12988   .22521  -.433315     .002792    -.00755  -.00618
  APR  30  48742  -.13108   .22765  -.436088     .002730    -.00772  -.00621
  MAY   1  48743  -.13261   .23017  -.438756     .002587    -.00731  -.00619
  MAY   2  48744  -.13456   .23255  -.441245     .002417    -.00728  -.00632
  MAY   3  48745  -.13684   .23466  -.443583     .002250    -.00729  -.00657
  MAY   4  48746  -.13922   .23667  -.445752     .002099    -.00744  -.00670
  MAY   5  48747  -.14145   .23873  -.447802     .002016    -.00765  -.00679
  MAY   6  48748  -.14332   .24101  -.449815     .002023    -.00789  -.00672
  MAY   7  48749  -.14464   .24319  -.451880     .002128    -.00783  -.00668
  MAY   8  48750  -.14542   .24548  -.454093     .002297    -.00755  -.00669
  MAY   9  48751  -.14594   .24809  -.456480     .002492    -.00730  -.00665
  MAY  10  48752  -.14641   .25102  -.459068     .002687    -.00712  -.00651
  MAY  11  48753  -.14696   .25424  -.461829     .002800    -.00711  -.00638
  MAY  12  48754  -.14794   .25747  -.464634     .002787    -.00701  -.00640
  MAY  13  48755  -.14950   .26019  -.467369     .002706    -.00728  -.00618
  MAY  14  48756  -.15115   .26235  -.470022     .002571    -.00723  -.00593
  MAY  15  48757  -.15221   .26450  -.472499     .002349    -.00709  -.00573
  MAY  16  48758  -.15298   .26658  -.474722     .002116    -.00731  -.00587
  MAY  17  48759  -.15350   .26858  -.476748     .001953    -.00766  -.00621
  MAY  18  48760  -.15369   .27065  -.478650     .001865    -.00765  -.00664
  MAY  19  48761  -.15378   .27303  -.480503     .001865    -.00723  -.00681
  MAY  20  48762  -.15388   .27573  -.482401     .001938    -.00696  -.00652
  MAY  21  48763  -.15407   .27842  -.484392     .002028    -.00712  -.00616
  MAY  22  48764  -.15416   .28106  -.486466     .002101    -.00808  -.00635
  MAY  23  48765  -.15447   .28360  -.488596     .002178    -.00839  -.00631
  MAY  24  48766  -.15501   .28625  -.490821     .002277    -.00807  -.00616
  MAY  25  48767  -.15568   .28907  -.493142     .002356    -.00780  -.00625
  MAY  26  48768  -.15644   .29168  -.495520     .002370    -.00773  -.00629
  MAY  27  48769  -.15720   .29373  -.497865     .002321    -.00860  -.00619
  MAY  28  48770  -.15794   .29544  -.500144     .002212    -.00943  -.00616
  MAY  29  48771  -.15848   .29713  -.502274     .002048    -.00965  -.00638
  MAY  30  48772  -.15825   .29928  -.504230     .001868    -.00941  -.00632
  MAY  31  48773  -.15770   .30173  -.506010     .001698    -.00920  -.00606
  JUN   1  48774  -.15711   .30447  -.507641     .001578    -.00965  -.00597
  JUN   2  48775  -.15658   .30733  -.509192     .001531    -.01010  -.00622
  JUN   3  48776  -.15613   .30991  -.510736     .001585    -.00944  -.00640
  JUN   4  48777  -.15578   .31213  -.512388     .001746    -.00932  -.00643
  JUN   5  48778  -.15583   .31439  -.514238     .001952    -.00943  -.00640
  JUN   6  48779  -.15591   .31661  -.516281     .002121    -.00950  -.00636
  JUN   7  48780  -.15574   .31880  -.518454     .002206    -.00923  -.00622
  JUN   8  48781  -.15531   .32106  -.520658     .002185    -.00890  -.00602
  JUN   9  48782  -.15473   .32343  -.522791     .002068    -.00866  -.00568
  JUN  10  48783  -.15420   .32581  -.524772     .001891    -.00862  -.00521
  JUN  11  48784  -.15382   .32807  -.526561     .001700    -.00882  -.00489
  JUN  12  48785  -.15351   .33041  -.528173     .001540    -.00929  -.00482
  JUN  13  48786  -.15324   .33309  -.529654     .001430    -.00999  -.00527
  JUN  14  48787  -.15310   .33614  -.531054     .001350    -.01133  -.00610
  JUN  15  48788  -.15299   .33918  -.532377     .001316    -.01174  -.00669
  JUN  16  48789  -.15293   .34232  -.533707     .001355    -.01188  -.00672
  JUN  17  48790  -.15280   .34569  -.535106     .001435    -.01192  -.00628
  JUN  18  48791  -.15278   .34880  -.536588     .001529    -.01134  -.00609
  JUN  19  48792  -.15291   .35145  -.538167     .001631    -.01050  -.00605
  JUN  20  48793  -.15305   .35348  -.539848     .001731    -.01073  -.00601
  JUN  21  48794  -.15274   .35531  -.541621     .001814    -.01151  -.00588
  JUN  22  48795  -.15174   .35735  -.543464     .001868    -.01142  -.00580
  JUN  23  48796  -.15030   .35971  -.545341     .001867    -.01098  -.00588
  JUN  24  48797  -.14933   .36212  -.547182     .001796    -.01193  -.00593
  JUN  25  48798  -.14888   .36441  -.548917     .001692    -.01279  -.00603
  JUN  26  48799  -.14823   .36690  -.550553     .001555    -.01341  -.00617
  JUN  27  48800  -.14704   .36971  -.552025     .001381    -.01355  -.00622
  JUN  28  48801  -.14565   .37254  -.553324     .001237    -.01364  -.00614
  JUN  29  48802  -.14461   .37487  -.554521     .001169    -.01342  -.00601
  JUN  30  48803  -.14352   .37699  -.555696     .001191    -.01325  -.00601
  JUL   1  48804  -.14215   .37923   .443064     .001297    -.01331  -.00606
  JUL   2  48805  -.14072   .38153   .441691     .001462    -.01338  -.00614
  JUL   3  48806  -.13978   .38401   .440143     .001650    -.01349  -.00630
  JUL   4  48807  -.13911   .38662   .438418     .001791    -.01377  -.00626
  JUL   5  48808  -.13816   .38915   .436602     .001816    -.01400  -.00595
  JUL   6  48809  -.13680   .39134   .434825     .001707    -.01434  -.00579
  JUL   7  48810  -.13487   .39305   .433216     .001519    -.01481  -.00569
  JUL   8  48811  -.13262   .39490   .431800     .001323    -.01523  -.00576
  JUL   9  48812  -.13053   .39718   .430566     .001130    -.01535  -.00568
  JUL  10  48813  -.12915   .39976   .429527     .000962    -.01561  -.00582
  JUL  11  48814  -.12816   .40256   .428621     .000866    -.01590  -.00586
  JUL  12  48815  -.12734   .40527   .427774     .000842    -.01614  -.00587
  JUL  13  48816  -.12668   .40756   .426915     .000867    -.01620  -.00582
  JUL  14  48817  -.12619   .40930   .426022     .000924    -.01633  -.00570
  JUL  15  48818  -.12578   .41087   .425055     .001030    -.01632  -.00562
  JUL  16  48819  -.12478   .41244   .423957     .001164    -.01643  -.00560
  JUL  17  48820  -.12272   .41427   .422729     .001280    -.01650  -.00555
  JUL  18  48821  -.12011   .41618   .421404     .001389    -.01673  -.00552
  JUL  19  48822  -.11739   .41835   .419963     .001491    -.01691  -.00552
  JUL  20  48823  -.11494   .42085   .418438     .001543    -.01686  -.00558
  JUL  21  48824  -.11254   .42352   .416892     .001549    -.01683  -.00571
  JUL  22  48825  -.11009   .42604   .415354     .001512    -.01692  -.00590
  JUL  23  48826  -.10801   .42819   .413880     .001435    -.01739  -.00603
  JUL  24  48827  -.10594   .43016   .412488     .001355    -.01809  -.00607
  JUL  25  48828  -.10367   .43208   .411165     .001290    -.01873  -.00610
  JUL  26  48829  -.10141   .43395   .409892     .001244    -.01893  -.00619
  JUL  27  48830  -.09949   .43595   .408647     .001246    -.01867  -.00602
  JUL  28  48831  -.09790   .43801   .407364     .001337    -.01822  -.00618
  JUL  29  48832  -.09620   .43981   .405943     .001529    -.01754  -.00628
  JUL  30  48833  -.09433   .44155   .404297     .001765    -.01770  -.00615
  JUL  31  48834  -.09210   .44333   .402428     .001978    -.01833  -.00590
  AUG   1  48835  -.08996   .44574   .400379     .002123    -.01891  -.00558
  AUG   2  48836  -.08790   .44837   .398230     .002148    -.01932  -.00560
  AUG   3  48837  -.08586   .45067   .396125     .002031    -.01969  -.00548
  AUG   4  48838  -.08378   .45258   .394191     .001835    -.01994  -.00513
  AUG   5  48839  -.08162   .45458   .392456     .001638    -.02010  -.00524
  AUG   6  48840  -.07981   .45686   .390902     .001459    -.02011  -.00557
  AUG   7  48841  -.07797   .45893   .389517     .001313    -.01985  -.00582
  AUG   8  48842  -.07606   .46103   .388253     .001221    -.02004  -.00604
  AUG   9  48843  -.07415   .46345   .387053     .001184    -.02032  -.00601
  AUG  10  48844  -.07234   .46598   .385864     .001215    -.02035  -.00571
  AUG  11  48845  -.07037   .46868   .384609     .001331    -.02011  -.00555
  AUG  12  48846  -.06849   .47133   .383192     .001505    -.02027  -.00564
  AUG  13  48847  -.06653   .47370   .381598     .001678    -.02029  -.00560
  AUG  14  48848  -.06445   .47555   .379843     .001813    -.02027  -.00536
  AUG  15  48849  -.06213   .47704   .377985     .001887    -.02061  -.00525
  AUG  16  48850  -.05998   .47871   .376083     .001909    -.02105  -.00539
  AUG  17  48851  -.05769   .48047   .374184     .001886    -.02141  -.00549
  AUG  18  48852  -.05491   .48209   .372326     .001836    -.02124  -.00576
  AUG  19  48853  -.05169   .48367   .370522     .001774    -.02065  -.00608
  AUG  20  48854  -.04864   .48535   .368785     .001699    -.02051  -.00612
  AUG  21  48855  -.04572   .48686   .367122     .001617    -.02060  -.00616
  AUG  22  48856  -.04286   .48809   .365536     .001559    -.02084  -.00627
  AUG  23  48857  -.03998   .48910   .363980     .001574    -.02099  -.00632
  AUG  24  48858  -.03679   .49005   .362354     .001692    -.02102  -.00630
  AUG  25  48859  -.03319   .49114   .360563     .001895    -.02092  -.00632
  AUG  26  48860  -.02990   .49253   .358544     .002165    -.02053  -.00640
  AUG  27  48861  -.02689   .49405   .356234     .002455    -.02020  -.00585
  AUG  28  48862  -.02371   .49552   .353659     .002663    -.02084  -.00572
  AUG  29  48863  -.02062   .49718   .350954     .002722    -.02151  -.00542
  AUG  30  48864  -.01766   .49911   .348265     .002635    -.02167  -.00538
  AUG  31  48865  -.01489   .50098   .345724     .002411    -.02183  -.00541
  SEP   1  48866  -.01268   .50224   .343459     .002093    -.02213  -.00530
  SEP   2  48867  -.01109   .50257   .341531     .001784    -.02209  -.00533
  SEP   3  48868  -.00908   .50234   .339870     .001558    -.02189  -.00547
  SEP   4  48869  -.00667   .50195   .338389     .001410    -.02162  -.00580
  SEP   5  48870  -.00414   .50189   .337026     .001345    -.02123  -.00589
  SEP   6  48871  -.00167   .50244   .335678     .001395    -.02067  -.00592
  SEP   7  48872   .00079   .50343   .334221     .001530    -.02031  -.00578
  SEP   8  48873   .00334   .50448   .332608     .001687    -.02014  -.00568
  SEP   9  48874   .00587   .50525   .330844     .001842    -.02050  -.00555
  SEP  10  48875   .00831   .50576   .328929     .001985    -.02113  -.00540
  SEP  11  48876   .01055   .50609   .326885     .002088    -.02182  -.00528
  SEP  12  48877   .01269   .50640   .324768     .002134    -.02233  -.00530
  SEP  13  48878   .01485   .50661   .322634     .002113    -.02260  -.00538
  SEP  14  48879   .01719   .50680   .320557     .002045    -.02254  -.00543
  SEP  15  48880   .01966   .50708   .318557     .001956    -.02190  -.00544
  SEP  16  48881   .02210   .50746   .316652     .001833    -.02071  -.00518
  SEP  17  48882   .02484   .50773   .314891     .001716    -.02065  -.00522
  SEP  18  48883   .02747   .50780   .313209     .001649    -.02133  -.00544
  SEP  19  48884   .02975   .50770   .311573     .001620    -.02161  -.00561
  SEP  20  48885   .03185   .50749   .309941     .001656    -.02194  -.00571
  SEP  21  48886   .03394   .50721   .308230     .001773    -.02190  -.00585
  SEP  22  48887   .03607   .50703   .306370     .001949    -.02167  -.00584
  SEP  23  48888   .03817   .50705   .304323     .002188    -.02119  -.00590
  SEP  24  48889   .04031   .50715   .302005     .002449    -.02108  -.00566
  SEP  25  48890   .04251   .50721   .299459     .002619    -.02141  -.00544
  SEP  26  48891   .04473   .50712   .296815     .002653    -.02165  -.00529
  SEP  27  48892   .04685   .50678   .294198     .002566    -.02192  -.00509
  SEP  28  48893   .04894   .50622   .291711     .002389    -.02204  -.00506
  SEP  29  48894   .05107   .50550   .289428     .002178    -.02215  -.00498
  SEP  30  48895   .05331   .50472   .287342     .001994    -.02211  -.00493
  OCT   1  48896   .05564   .50390   .285416     .001862    -.02179  -.00487
  OCT   2  48897   .05801   .50327   .283591     .001787    -.02143  -.00487
  OCT   3  48898   .06036   .50296   .281817     .001782    -.02099  -.00492
  OCT   4  48899   .06290   .50290   .280010     .001844    -.02062  -.00500
  OCT   5  48900   .06580   .50297   .278117     .001955    -.02021  -.00502
  OCT   6  48901   .06899   .50300   .276097     .002097    -.02013  -.00509
  OCT   7  48902   .07220   .50276   .273924     .002251    -.02020  -.00515
  OCT   8  48903   .07531   .50234   .271600     .002392    -.02034  -.00511
  OCT   9  48904   .07817   .50186   .269152     .002485    -.02062  -.00512
  OCT  10  48905   .08067   .50125   .266645     .002498    -.02078  -.00508
  OCT  11  48906   .08291   .50036   .264172     .002448    -.02084  -.00501
  OCT  12  48907   .08516   .49908   .261762     .002358    -.02093  -.00490
  OCT  13  48908   .08750   .49770   .259463     .002255    -.02089  -.00483
  OCT  14  48909   .09004   .49654   .257255     .002155    -.02069  -.00468
  OCT  15  48910   .09297   .49580   .255146     .002068    -.02042  -.00451
  OCT  16  48911   .09601   .49558   .253101     .002032    -.01992  -.00439
  OCT  17  48912   .09872   .49578   .251056     .002082    -.01986  -.00452
  OCT  18  48913   .10072   .49557   .248910     .002220    -.01980  -.00478
  OCT  19  48914   .10235   .49494   .246591     .002419    -.01973  -.00498
  OCT  20  48915   .10401   .49392   .244060     .002663    -.01940  -.00494
  OCT  21  48916   .10604   .49260   .241269     .002935    -.01873  -.00480
  OCT  22  48917   .10822   .49115   .238211     .003143    -.01862  -.00448
  OCT  23  48918   .11046   .48985   .235018     .003193    -.01874  -.00420
  OCT  24  48919   .11290   .48903   .231867     .003094    -.01870  -.00398
  OCT  25  48920   .11542   .48848   .228867     .002910    -.01865  -.00383
  OCT  26  48921   .11767   .48791   .226063     .002675    -.01850  -.00374
  OCT  27  48922   .11938   .48700   .223514     .002413    -.01841  -.00378
  OCT  28  48923   .12070   .48571   .221219     .002216    -.01855  -.00392
  OCT  29  48924   .12203   .48415   .219057     .002122    -.01853  -.00404
  OCT  30  48925   .12364   .48260   .216949     .002099    -.01830  -.00411
  OCT  31  48926   .12541   .48119   .214839     .002145    -.01773  -.00411
  NOV   1  48927   .12739   .47987   .212647     .002226    -.01720  -.00415
  NOV   2  48928   .12958   .47857   .210380     .002289    -.01677  -.00414
  NOV   3  48929   .13186   .47734   .208068     .002330    -.01659  -.00429
  NOV   4  48930   .13406   .47612   .205725     .002394    -.01668  -.00455
  NOV   5  48931   .13594   .47486   .203291     .002476    -.01672  -.00444
  NOV   6  48932   .13719   .47361   .200787     .002517    -.01696  -.00438
  NOV   7  48933   .13824   .47216   .198274     .002495    -.01723  -.00429
  NOV   8  48934   .13967   .47062   .195809     .002425    -.01745  -.00436
  NOV   9  48935   .14144   .46897   .193435     .002327    -.01756  -.00419
  NOV  10  48936   .14330   .46722   .191158     .002234    -.01761  -.00383
  NOV  11  48937   .14521   .46532   .188961     .002156    -.01749  -.00327
  NOV  12  48938   .14727   .46341   .186833     .002096    -.01703  -.00317
  NOV  13  48939   .14947   .46175   .184747     .002090    -.01638  -.00342
  NOV  14  48940   .15180   .46041   .182625     .002169    -.01591  -.00350
  NOV  15  48941   .15426   .45935   .180385     .002336    -.01561  -.00362
  NOV  16  48942   .15646   .45840   .177940     .002575    -.01572  -.00359
  NOV  17  48943   .15823   .45738   .175238     .002810    -.01590  -.00365
  NOV  18  48944   .16027   .45600   .172337     .002977    -.01605  -.00361
  NOV  19  48945   .16253   .45458   .169314     .003049    -.01613  -.00352
  NOV  20  48946   .16484   .45346   .166273     .003003    -.01628  -.00318
  NOV  21  48947   .16697   .45210   .163340     .002850    -.01665  -.00311
  NOV  22  48948   .16880   .45035   .160593     .002644    -.01683  -.00310
  NOV  23  48949   .17017   .44838   .158057     .002438    -.01669  -.00303
  NOV  24  48950   .17073   .44646   .155706     .002273    -.01628  -.00298
  NOV  25  48951   .17072   .44455   .153487     .002162    -.01581  -.00301
  NOV  26  48952   .17091   .44218   .151356     .002112    -.01512  -.00309
  NOV  27  48953   .17153   .43956   .149241     .002124    -.01455  -.00312
  NOV  28  48954   .17240   .43704   .147094     .002177    -.01400  -.00308
  NOV  29  48955   .17317   .43487   .144881     .002261    -.01363  -.00298
  NOV  30  48956   .17399   .43281   .142573     .002365    -.01330  -.00274
  DEC   1  48957   .17503   .43071   .140156     .002471    -.01353  -.00280
  DEC   2  48958   .17600   .42844   .137640     .002577    -.01423  -.00297
  DEC   3  48959   .17670   .42623   .135014     .002668    -.01454  -.00300
  DEC   4  48960   .17818   .42440   .132317     .002708    -.01421  -.00278
  DEC   5  48961   .17960   .42292   .129610     .002691    -.01436  -.00264
  DEC   6  48962   .18071   .42140   .126945     .002623    -.01481  -.00264
  DEC   7  48963   .18174   .41945   .124372     .002516    -.01511  -.00248
  DEC   8  48964   .18269   .41714   .121913     .002412    -.01514  -.00223
  DEC   9  48965   .18326   .41513   .119538     .002340    -.01462  -.00224
  DEC  10  48966   .18385   .41299   .117213     .002320    -.01420  -.00231
  DEC  11  48967   .18495   .41054   .114870     .002374    -.01403  -.00241
  DEC  12  48968   .18652   .40800   .112436     .002499    -.01389  -.00245
  DEC  13  48969   .18804   .40589   .109854     .002677    -.01397  -.00254
  DEC  14  48970   .18918   .40435   .107081     .002872    -.01409  -.00249
  DEC  15  48971   .19023   .40274   .104129     .003028    -.01428  -.00235
  DEC  16  48972   .19140   .40062   .101058     .003076    -.01422  -.00214
  DEC  17  48973   .19231   .39844   .098010     .002997    -.01427  -.00198
  DEC  18  48974   .19297   .39607   .095093     .002825    -.01433  -.00189
  DEC  19  48975   .19342   .39348   .092380     .002588    -.01435  -.00187
  DEC  20  48976   .19384   .39076   .089921     .002334    -.01426  -.00199
  DEC  21  48977   .19432   .38803   .087703     .002127    -.01421  -.00203
  DEC  22  48978   .19493   .38542   .085651     .002003    -.01419  -.00207
  DEC  23  48979   .19567   .38292   .083673     .001962    -.01402  -.00217
  DEC  24  48980   .19651   .38046   .081701     .001992    -.01377  -.00212
  DEC  25  48981   .19763   .37795   .079671     .002080    -.01341  -.00210
  DEC  26  48982   .19930   .37529   .077531     .002209    -.01320  -.00202
  DEC  27  48983   .20124   .37263   .075251     .002359    -.01292  -.00189
  DEC  28  48984   .20324   .37005   .072817     .002511    -.01290  -.00184
  DEC  29  48985   .20498   .36768   .070237     .002627    -.01305  -.00191
  DEC  30  48986   .20643   .36543   .067575     .002688    -.01343  -.00191
  DEC  31  48987   .20776   .36277   .064875     .002710    -.01259  -.00178
