 

                   INTERNATIONAL EARTH ROTATION SERVICE
                        EARTH ROTATION PARAMETERS
                          EOP (IERS) C 04

  
             FORMAT(2X,A4,I3,2X,I5,2F9.6,F10.7,2X,F10.7,2X,2F9.5)
******************************************************************************
  
    Date    MJD      x        y      UT1-UTC       LOD        dPsi   dEpsilon
                     "        "         s           s          "         "
     (0h UTC)
 
  
  YEAR ==> 2003

  JAN   1  52640 -.088440  .187985 -.2893021    .0004002    -.05753  -.00057
  JAN   2  52641 -.091452  .190248 -.2897038    .0003755    -.05639  -.00065
  JAN   3  52642 -.094434  .192702 -.2900886    .0003634    -.05519  -.00076
  JAN   4  52643 -.097481  .195204 -.2904635    .0003778    -.05418  -.00086
  JAN   5  52644 -.100586  .197400 -.2908661    .0004450    -.05362  -.00094
  JAN   6  52645 -.103442  .199373 -.2913615    .0005834    -.05358  -.00099
  JAN   7  52646 -.105959  .201266 -.2920290    .0007546    -.05395  -.00101
  JAN   8  52647 -.108498  .203335 -.2928587    .0008630    -.05447  -.00098
  JAN   9  52648 -.110942  .205534 -.2937387    .0008957    -.05483  -.00092
  JAN  10  52649 -.113117  .207929 -.2946320    .0009184    -.05481  -.00084
  JAN  11  52650 -.115171  .210382 -.2955582    .0009183    -.05473  -.00069
  JAN  12  52651 -.117185  .212662 -.2964542    .0008497    -.05476  -.00050
  JAN  13  52652 -.118873  .214793 -.2972480    .0007282    -.05486  -.00036
  JAN  14  52653 -.120305  .216909 -.2979068    .0005825    -.05499  -.00034
  JAN  15  52654 -.121617  .219146 -.2984164    .0004239    -.05498  -.00053
  JAN  16  52655 -.122812  .221591 -.2987666    .0002806    -.05497  -.00081
  JAN  17  52656 -.124252  .224092 -.2989990    .0002105    -.05502  -.00111
  JAN  18  52657 -.125941  .226526 -.2992167    .0002328    -.05488  -.00131
  JAN  19  52658 -.127560  .228838 -.2994957    .0003250    -.05448  -.00135
  JAN  20  52659 -.128798  .231034 -.2998908    .0004699    -.05398  -.00127
  JAN  21  52660 -.129843  .233468 -.3004444    .0006407    -.05357  -.00111
  JAN  22  52661 -.130937  .236400 -.3011613    .0007945    -.05343  -.00093
  JAN  23  52662 -.132125  .239618 -.3020045    .0008784    -.05352  -.00087
  JAN  24  52663 -.133482  .242471 -.3028786    .0008887    -.05370  -.00083
  JAN  25  52664 -.135066  .244841 -.3037417    .0008269    -.05405  -.00078
  JAN  26  52665 -.136673  .247036 -.3045013    .0006572    -.05451  -.00075
  JAN  27  52666 -.137978  .249418 -.3050414    .0004093    -.05487  -.00073
  JAN  28  52667 -.138941  .252155 -.3053245    .0001749    -.05498  -.00073
  JAN  29  52668 -.139275  .255119 -.3054131    .0000217    -.05472  -.00073
  JAN  30  52669 -.139259  .258233 -.3054004   -.0000421    -.05450  -.00091
  JAN  31  52670 -.139803  .261281 -.3053627   -.0000323    -.05418  -.00109
  FEB   1  52671 -.141063  .264040 -.3053618    .0000388    -.05392  -.00121
  FEB   2  52672 -.142507  .266752 -.3054534    .0001731    -.05383  -.00126
  FEB   3  52673 -.144010  .269682 -.3057081    .0003713    -.05384  -.00126
  FEB   4  52674 -.145242  .272569 -.3061857    .0005907    -.05389  -.00122
  FEB   5  52675 -.146116  .275382 -.3068729    .0007460    -.05389  -.00120
  FEB   6  52676 -.147221  .277948 -.3076582    .0007886    -.05391  -.00116
  FEB   7  52677 -.148348  .280426 -.3084311    .0007534    -.05405  -.00117
  FEB   8  52678 -.149554  .283198 -.3091489    .0006722    -.05424  -.00118
  FEB   9  52679 -.151184  .285947 -.3097646    .0005496    -.05439  -.00116
  FEB  10  52680 -.152829  .288605 -.3102437    .0004124    -.05448  -.00118
  FEB  11  52681 -.154225  .291370 -.3105917    .0002984    -.05445  -.00127
  FEB  12  52682 -.155261  .294087 -.3108502    .0002373    -.05418  -.00146
  FEB  13  52683 -.155824  .296828 -.3110841    .0002506    -.05399  -.00175
  FEB  14  52684 -.156104  .299489 -.3113779    .0003283    -.05410  -.00210
  FEB  15  52685 -.156275  .302098 -.3117732    .0004257    -.05414  -.00230
  FEB  16  52686 -.156213  .304563 -.3122601    .0005556    -.05394  -.00226
  FEB  17  52687 -.155722  .307051 -.3129030    .0007710    -.05360  -.00208
  FEB  18  52688 -.155185  .310058 -.3137988    .0010318    -.05325  -.00187
  FEB  19  52689 -.154877  .313553 -.3149391    .0012199    -.05303  -.00174
  FEB  20  52690 -.154649  .317594 -.3161941    .0012718    -.05312  -.00183
  FEB  21  52691 -.154965  .321421 -.3174343    .0011854    -.05341  -.00199
  FEB  22  52692 -.155409  .324454 -.3185266    .0009779    -.05372  -.00204
  FEB  23  52693 -.155368  .327389 -.3193714    .0007137    -.05396  -.00198
  FEB  24  52694 -.155009  .330438 -.3199576    .0004776    -.05407  -.00192
  FEB  25  52695 -.154630  .333464 -.3203484    .0003156    -.05401  -.00191
  FEB  26  52696 -.154542  .336414 -.3206211    .0002278    -.05390  -.00208
  FEB  27  52697 -.154573  .339297 -.3208379    .0002086    -.05355  -.00223
  FEB  28  52698 -.154310  .342119 -.3210664    .0002411    -.05290  -.00223
  MAR   1  52699 -.153755  .344614 -.3213375    .0003332    -.05242  -.00219
  MAR   2  52700 -.153080  .347173 -.3217371    .0004806    -.05235  -.00218
  MAR   3  52701 -.152752  .350191 -.3222919    .0006090    -.05259  -.00217
  MAR   4  52702 -.153013  .353139 -.3229401    .0006690    -.05295  -.00218
  MAR   5  52703 -.153337  .355835 -.3236104    .0006866    -.05324  -.00220
  MAR   6  52704 -.153653  .358326 -.3242927    .0006986    -.05336  -.00222
  MAR   7  52705 -.154064  .360780 -.3249891    .0006938    -.05328  -.00226
  MAR   8  52706 -.154453  .363474 -.3256667    .0006417    -.05316  -.00233
  MAR   9  52707 -.154650  .366309 -.3262658    .0005391    -.05302  -.00244
  MAR  10  52708 -.154825  .369340 -.3267458    .0004242    -.05288  -.00257
  MAR  11  52709 -.155539  .372397 -.3271224    .0003441    -.05274  -.00273
  MAR  12  52710 -.156352  .375452 -.3274494    .0003143    -.05249  -.00293
  MAR  13  52711 -.157033  .378719 -.3277740    .0003273    -.05229  -.00313
  MAR  14  52712 -.157270  .381427 -.3281340    .0004207    -.05225  -.00330
  MAR  15  52713 -.157065  .384001 -.3286488    .0006173    -.05207  -.00345
  MAR  16  52714 -.156869  .386895 -.3293966    .0008788    -.05174  -.00357
  MAR  17  52715 -.156637  .389774 -.3304170    .0011668    -.05143  -.00363
  MAR  18  52716 -.155924  .392621 -.3317146    .0014207    -.05131  -.00362
  MAR  19  52717 -.154843  .395791 -.3332172    .0015499    -.05153  -.00353
  MAR  20  52718 -.153813  .399585 -.3347592    .0014966    -.05186  -.00346
  MAR  21  52719 -.153053  .403414 -.3361589    .0012922    -.05216  -.00343
  MAR  22  52720 -.152264  .406689 -.3373118    .0010019    -.05241  -.00342
  MAR  23  52721 -.151430  .409603 -.3381582    .0006829    -.05253  -.00343
  MAR  24  52722 -.150439  .412406 -.3386975    .0004091    -.05247  -.00350
  MAR  25  52723 -.149018  .415402 -.3390108    .0002541    -.05226  -.00362
  MAR  26  52724 -.147457  .418325 -.3392428    .0002455    -.05198  -.00375
  MAR  27  52725 -.145685  .421187 -.3395329    .0003378    -.05174  -.00383
  MAR  28  52726 -.143375  .424048 -.3399386    .0004741    -.05149  -.00388
  MAR  29  52727 -.140571  .426879 -.3404890    .0006317    -.05135  -.00386
  MAR  30  52728 -.137772  .429856 -.3411985    .0007755    -.05135  -.00373
  MAR  31  52729 -.135385  .432849 -.3420279    .0008724    -.05141  -.00356
  APR   1  52730 -.133255  .435636 -.3429251    .0009353    -.05143  -.00340
  APR   2  52731 -.131157  .438606 -.3438777    .0009837    -.05127  -.00331
  APR   3  52732 -.129015  .441772 -.3448725    .0009664    -.05105  -.00333
  APR   4  52733 -.126929  .444696 -.3457944    .0008724    -.05088  -.00344
  APR   5  52734 -.124591  .447550 -.3466076    .0007634    -.05091  -.00361
  APR   6  52735 -.122067  .450778 -.3473195    .0006496    -.05106  -.00382
  APR   7  52736 -.119725  .454079 -.3479133    .0005161    -.05120  -.00404
  APR   8  52737 -.117625  .457011 -.3483655    .0003863    -.05119  -.00425
  APR   9  52738 -.115986  .459728 -.3487062    .0003175    -.05093  -.00444
  APR  10  52739 -.114659  .462367 -.3490267    .0003383    -.05062  -.00455
  APR  11  52740 -.113188  .464853 -.3494135    .0004570    -.05028  -.00461
  APR  12  52741 -.111356  .467508 -.3499712    .0006766    -.04993  -.00469
  APR  13  52742 -.109281  .470310 -.3507876    .0009538    -.04969  -.00481
  APR  14  52743 -.107174  .472892 -.3518795    .0012329    -.04965  -.00488
  APR  15  52744 -.105235  .475295 -.3532272    .0014449    -.04984  -.00484
  APR  16  52745 -.103748  .477411 -.3547195    .0014842    -.05024  -.00463
  APR  17  52746 -.102181  .479235 -.3561369    .0013060    -.05070  -.00437
  APR  18  52747 -.100277  .481163 -.3572840    .0010211    -.05094  -.00421
  APR  19  52748 -.097997  .483410 -.3581579    .0007073    -.05096  -.00421
  APR  20  52749 -.095470  .485683 -.3587081    .0003555    -.05083  -.00437
  APR  21  52750 -.093035  .487760 -.3589013    .0000732    -.05066  -.00464
  APR  22  52751 -.090697  .489664 -.3588955   -.0000151    -.05056  -.00493
  APR  23  52752 -.088472  .491735 -.3589075    .0000571    -.05063  -.00512
  APR  24  52753 -.085898  .493710 -.3590339    .0001867    -.05060  -.00519
  APR  25  52754 -.082773  .495790 -.3592911    .0003308    -.05045  -.00503
  APR  26  52755 -.079974  .497988 -.3596939    .0004807    -.05029  -.00477
  APR  27  52756 -.077596  .500171 -.3602423    .0006154    -.05020  -.00450
  APR  28  52757 -.075163  .502446 -.3609085    .0007126    -.05025  -.00425
  APR  29  52758 -.072836  .504452 -.3616483    .0007589    -.05045  -.00405
  APR  30  52759 -.070270  .506191 -.3624066    .0007392    -.05079  -.00391
  MAY   1  52760 -.066829  .508015 -.3631093    .0006281    -.05112  -.00391
  MAY   2  52761 -.062996  .509898 -.3636506    .0004364    -.05131  -.00407
  MAY   3  52762 -.059364  .511608 -.3639774    .0002262    -.05134  -.00434
  MAY   4  52763 -.056090  .513425 -.3641070    .0000564    -.05121  -.00466
  MAY   5  52764 -.053157  .515438 -.3641023   -.0000506    -.05096  -.00496
  MAY   6  52765 -.050088  .517530 -.3640248   -.0001051    -.05066  -.00519
  MAY   7  52766 -.047114  .519680 -.3639160   -.0001085    -.05034  -.00533
  MAY   8  52767 -.044682  .521669 -.3638347   -.0000181    -.05029  -.00534
  MAY   9  52768 -.042169  .523368 -.3639075    .0001801    -.05028  -.00534
  MAY  10  52769 -.039655  .525069 -.3642179    .0004242    -.05014  -.00544
  MAY  11  52770 -.037667  .526608 -.3647661    .0006648    -.04996  -.00557
  MAY  12  52771 -.036025  .527911 -.3655369    .0009127    -.04990  -.00558
  MAY  13  52772 -.034395  .529266 -.3665568    .0011452    -.05009  -.00534
  MAY  14  52773 -.032546  .530574 -.3677749    .0012340    -.05062  -.00480
  MAY  15  52774 -.030395  .531849 -.3689707    .0010900    -.05122  -.00447
  MAY  16  52775 -.028172  .533121 -.3699180    .0007894    -.05171  -.00446
  MAY  17  52776 -.025905  .534297 -.3705420    .0004833    -.05184  -.00453
  MAY  18  52777 -.023579  .535465 -.3709067    .0002510    -.05163  -.00469
  MAY  19  52778 -.021244  .536513 -.3710844    .0001354    -.05122  -.00494
  MAY  20  52779 -.018518  .537504 -.3712198    .0001587    -.05082  -.00524
  MAY  21  52780 -.015412  .538634 -.3714331    .0002569    -.05064  -.00551
  MAY  22  52781 -.012499  .539676 -.3717485    .0003848    -.05059  -.00572
  MAY  23  52782 -.009783  .540522 -.3722025    .0005152    -.05073  -.00546
  MAY  24  52783 -.006938  .541002 -.3727685    .0006099    -.05096  -.00499
  MAY  25  52784 -.004026  .541234 -.3734064    .0006489    -.05121  -.00457
  MAY  26  52785 -.000940  .541521 -.3740477    .0006287    -.05146  -.00428
  MAY  27  52786  .002418  .542044 -.3746449    .0005645    -.05170  -.00418
  MAY  28  52787  .005912  .542733 -.3751595    .0004585    -.05193  -.00427
  MAY  29  52788  .009357  .543682 -.3755485    .0003114    -.05219  -.00447
  MAY  30  52789  .012594  .544626 -.3757755    .0001478    -.05215  -.00474
  MAY  31  52790  .015653  .545562 -.3758455   -.0000368    -.05201  -.00498
  JUN   1  52791  .018532  .546431 -.3757117   -.0002337    -.05192  -.00514
  JUN   2  52792  .021352  .547057 -.3753957   -.0003773    -.05189  -.00522
  JUN   3  52793  .024395  .547575 -.3749804   -.0004469    -.05193  -.00526
  JUN   4  52794  .027838  .547785 -.3745279   -.0004634    -.05201  -.00532
  JUN   5  52795  .031560  .547906 -.3740789   -.0003991    -.05210  -.00538
  JUN   6  52796  .035048  .547920 -.3737503   -.0002060    -.05219  -.00540
  JUN   7  52797  .038207  .547831 -.3736780    .0000658    -.05228  -.00533
  JUN   8  52798  .041426  .547853 -.3738784    .0003101    -.05239  -.00516
  JUN   9  52799  .044837  .547925 -.3742758    .0004702    -.05256  -.00494
  JUN  10  52800  .048361  .548043 -.3747790    .0005235    -.05281  -.00471
  JUN  11  52801  .051812  .548069 -.3752746    .0004345    -.05312  -.00455
  JUN  12  52802  .055269  .547789 -.3756058    .0001899    -.05346  -.00449
  JUN  13  52803  .058751  .547241 -.3756331   -.0001360    -.05376  -.00454
  JUN  14  52804  .062195  .546668 -.3753411   -.0004358    -.05396  -.00471
  JUN  15  52805  .065896  .546112 -.3747935   -.0006392    -.05406  -.00494
  JUN  16  52806  .069848  .545587 -.3741057   -.0006981    -.05409  -.00518
  JUN  17  52807  .074155  .545066 -.3734358   -.0006201    -.05407  -.00536
  JUN  18  52808  .078646  .544843 -.3728881   -.0004817    -.05407  -.00543
  JUN  19  52809  .083075  .544730 -.3724768   -.0003161    -.05391  -.00545
  JUN  20  52810  .087751  .544572 -.3722465   -.0001614    -.05374  -.00532
  JUN  21  52811  .092088  .544432 -.3721367   -.0000881    -.05365  -.00513
  JUN  22  52812  .095994  .544106 -.3720503   -.0000823    -.05374  -.00494
  JUN  23  52813  .099893  .543639 -.3719526   -.0001096    -.05414  -.00472
  JUN  24  52814  .103651  .543075 -.3718136   -.0001920    -.05484  -.00447
  JUN  25  52815  .107341  .542499 -.3715551   -.0003443    -.05582  -.00415
  JUN  26  52816  .111056  .542056 -.3711175   -.0004967    -.05635  -.00414
  JUN  27  52817  .114851  .541551 -.3705613   -.0006302    -.05634  -.00443
  JUN  28  52818  .118746  .541014 -.3698645   -.0007670    -.05622  -.00475
  JUN  29  52819  .122759  .540438 -.3690430   -.0008795    -.05611  -.00499
  JUN  30  52820  .126804  .539878 -.3681282   -.0009206    -.05605  -.00513
  JUL   1  52821  .130580  .539309 -.3672286   -.0008697    -.05607  -.00515
  JUL   2  52822  .134007  .538584 -.3664152   -.0007783    -.05618  -.00508
  JUL   3  52823  .137058  .537525 -.3656930   -.0006486    -.05628  -.00495
  JUL   4  52824  .140001  .535908 -.3651281   -.0004800    -.05620  -.00482
  JUL   5  52825  .143226  .534114 -.3647287   -.0003140    -.05607  -.00471
  JUL   6  52826  .146534  .532600 -.3644806   -.0001715    -.05608  -.00463
  JUL   7  52827  .149704  .531210 -.3643527   -.0000921    -.05639  -.00456
  JUL   8  52828  .153113  .529754 -.3642558   -.0001410    -.05700  -.00450
  JUL   9  52829  .156779  .528200 -.3640323   -.0003437    -.05809  -.00443
  JUL  10  52830  .160468  .526691 -.3635435   -.0006066    -.05878  -.00439
  JUL  11  52831  .164046  .525269 -.3628166   -.0008165    -.05854  -.00438
  JUL  12  52832  .167562  .523941 -.3619320   -.0009388    -.05808  -.00439
  JUL  13  52833  .170645  .522658 -.3609771   -.0009666    -.05782  -.00444
  JUL  14  52834  .173251  .521211 -.3600396   -.0008904    -.05776  -.00456
  JUL  15  52835  .175711  .519684 -.3592266   -.0007144    -.05789  -.00476
  JUL  16  52836  .178299  .518119 -.3586231   -.0004902    -.05814  -.00504
  JUL  17  52837  .181008  .516551 -.3582405   -.0002927    -.05837  -.00511
  JUL  18  52838  .183589  .514729 -.3580203   -.0001540    -.05897  -.00498
  JUL  19  52839  .186365  .512631 -.3579099   -.0000980    -.05965  -.00480
  JUL  20  52840  .189365  .510593 -.3578018   -.0001275    -.06010  -.00466
  JUL  21  52841  .192050  .508574 -.3576355   -.0001938    -.06027  -.00456
  JUL  22  52842  .194426  .506248 -.3573995   -.0002765    -.06019  -.00452
  JUL  23  52843  .197176  .503811 -.3570742   -.0003891    -.05988  -.00454
  JUL  24  52844  .200053  .501617 -.3566199   -.0005151    -.05977  -.00456
  JUL  25  52845  .202541  .499513 -.3560501   -.0006180    -.06016  -.00447
  JUL  26  52846  .204793  .497229 -.3553976   -.0006670    -.06069  -.00469
  JUL  27  52847  .206907  .494784 -.3547367   -.0006481    -.06108  -.00516
  JUL  28  52848  .209071  .492135 -.3541278   -.0005778    -.06117  -.00546
  JUL  29  52849  .211377  .489243 -.3536097   -.0004626    -.06090  -.00530
  JUL  30  52850  .213906  .486443 -.3532274   -.0002899    -.06030  -.00439
  JUL  31  52851  .216603  .483921 -.3530439   -.0000669    -.06001  -.00420
  AUG   1  52852  .219237  .481581 -.3530910    .0001594    -.06015  -.00480
  AUG   2  52853  .221436  .479489 -.3533420    .0003296    -.06038  -.00519
  AUG   3  52854  .223157  .477241 -.3537153    .0003909    -.06064  -.00522
  AUG   4  52855  .224850  .474745 -.3540832    .0003228    -.06099  -.00505
  AUG   5  52856  .226511  .472329 -.3543239    .0001534    -.06135  -.00477
  AUG   6  52857  .228236  .469625 -.3543662   -.0000705    -.06173  -.00464
  AUG   7  52858  .230250  .466601 -.3541783   -.0003170    -.06203  -.00462
  AUG   8  52859  .232269  .463683 -.3537482   -.0005118    -.06218  -.00469
  AUG   9  52860  .234142  .461061 -.3531873   -.0005959    -.06219  -.00477
  AUG  10  52861  .235985  .458842 -.3525956   -.0005668    -.06206  -.00484
  AUG  11  52862  .237812  .456786 -.3520879   -.0004214    -.06183  -.00492
  AUG  12  52863  .239616  .454460 -.3517724   -.0002014    -.06156  -.00497
  AUG  13  52864  .241382  .452077 -.3516867    .0000064    -.06134  -.00501
  AUG  14  52865  .243176  .449782 -.3517714    .0001597    -.06129  -.00493
  AUG  15  52866  .244729  .447441 -.3519834    .0002938    -.06145  -.00473
  AUG  16  52867  .246065  .444748 -.3523339    .0003646    -.06180  -.00453
  AUG  17  52868  .247633  .441730 -.3526899    .0002930    -.06224  -.00440
  AUG  18  52869  .249210  .438661 -.3529024    .0001157    -.06268  -.00436
  AUG  19  52870  .250722  .435439 -.3529105   -.0000859    -.06304  -.00441
  AUG  20  52871  .252336  .432395 -.3527276   -.0002744    -.06323  -.00452
  AUG  21  52872  .253860  .429702 -.3523669   -.0004489    -.06329  -.00467
  AUG  22  52873  .255074  .427274 -.3518419   -.0005741    -.06327  -.00483
  AUG  23  52874  .256001  .424901 -.3512373   -.0006209    -.06320  -.00497
  AUG  24  52875  .257034  .422039 -.3506244   -.0006198    -.06311  -.00507
  AUG  25  52876  .258326  .418857 -.3500261   -.0005563    -.06300  -.00509
  AUG  26  52877  .259369  .415671 -.3495405   -.0003711    -.06288  -.00505
  AUG  27  52878  .260177  .412331 -.3493053   -.0000710    -.06278  -.00493
  AUG  28  52879  .261271  .409073 -.3494038    .0002828    -.06256  -.00482
  AUG  29  52880  .262418  .406127 -.3498548    .0005903    -.06238  -.00474
  AUG  30  52881  .263452  .403309 -.3505482    .0007508    -.06237  -.00469
  AUG  31  52882  .264500  .400468 -.3513093    .0007314    -.06252  -.00466
  SEP   1  52883  .265358  .397451 -.3519667    .0005712    -.06280  -.00463
  SEP   2  52884  .265640  .394373 -.3524227    .0003373    -.06313  -.00461
  SEP   3  52885  .265549  .391200 -.3526346    .0000791    -.06340  -.00459
  SEP   4  52886  .265494  .387915 -.3525961   -.0001516    -.06352  -.00456
  SEP   5  52887  .265362  .384447 -.3523630   -.0002756    -.06348  -.00457
  SEP   6  52888  .265221  .380841 -.3520833   -.0002916    -.06331  -.00461
  SEP   7  52889  .265143  .377413 -.3518151   -.0002544    -.06309  -.00467
  SEP   8  52890  .264975  .374203 -.3515983   -.0001317    -.06289  -.00469
  SEP   9  52891  .264777  .371129 -.3515596    .0000810    -.06280  -.00464
  SEP  10  52892  .264653  .367840 -.3517523    .0002687    -.06285  -.00452
  SEP  11  52893  .264755  .364537 -.3520775    .0003670    -.06297  -.00434
  SEP  12  52894  .264571  .361278 -.3524609    .0004000    -.06306  -.00411
  SEP  13  52895  .264317  .357925 -.3528521    .0003640    -.06321  -.00398
  SEP  14  52896  .264308  .354752 -.3531677    .0002648    -.06340  -.00401
  SEP  15  52897  .264337  .351761 -.3533675    .0001476    -.06356  -.00409
  SEP  16  52898  .264241  .348817 -.3534571    .0000427    -.06361  -.00414
  SEP  17  52899  .264085  .345897 -.3534559   -.0000586    -.06351  -.00408
  SEP  18  52900  .264030  .342959 -.3533508   -.0001882    -.06326  -.00418
  SEP  19  52901  .263787  .339808 -.3530969   -.0002784    -.06303  -.00450
  SEP  20  52902  .263105  .336401 -.3528163   -.0002733    -.06270  -.00479
  SEP  21  52903  .262584  .332823 -.3525768   -.0002144    -.06225  -.00488
  SEP  22  52904  .262637  .329593 -.3524162   -.0000644    -.06187  -.00480
  SEP  23  52905  .262573  .326885 -.3524741    .0002026    -.06169  -.00460
  SEP  24  52906  .261924  .324057 -.3528369    .0004838    -.06184  -.00437
  SEP  25  52907  .260973  .320847 -.3534377    .0007210    -.06201  -.00419
  SEP  26  52908  .260143  .317322 -.3542508    .0009038    -.06214  -.00411
  SEP  27  52909  .259675  .313984 -.3551974    .0009533    -.06235  -.00410
  SEP  28  52910  .259443  .311054 -.3561038    .0008264    -.06260  -.00416
  SEP  29  52911  .259299  .308399 -.3568081    .0005913    -.06285  -.00423
  SEP  30  52912  .259166  .306165 -.3572687    .0003449    -.06303  -.00429
  OCT   1  52913  .258521  .304003 -.3575085    .0001302    -.06310  -.00429
  OCT   2  52914  .257403  .301389 -.3575610   -.0000089    -.06302  -.00424
  OCT   3  52915  .256272  .298687 -.3575319   -.0000115    -.06278  -.00418
  OCT   4  52916  .255011  .296152 -.3575765    .0000892    -.06237  -.00412
  OCT   5  52917  .253650  .293445 -.3577371    .0002356    -.06193  -.00404
  OCT   6  52918  .252309  .290425 -.3580594    .0004351    -.06158  -.00395
  OCT   7  52919  .250977  .287390 -.3586038    .0006410    -.06139  -.00383
  OCT   8  52920  .249621  .284633 -.3593260    .0007466    -.06143  -.00371
  OCT   9  52921  .248121  .282021 -.3600743    .0007312    -.06153  -.00357
  OCT  10  52922  .246438  .279243 -.3607632    .0006850    -.06154  -.00344
  OCT  11  52923  .244439  .276438 -.3614213    .0006144    -.06155  -.00337
  OCT  12  52924  .242127  .273647 -.3619747    .0004741    -.06156  -.00338
  OCT  13  52925  .239837  .270703 -.3623600    .0003098    -.06153  -.00347
  OCT  14  52926  .237807  .267498 -.3625938    .0001713    -.06141  -.00360
  OCT  15  52927  .235856  .264200 -.3627111    .0000454    -.06118  -.00374
  OCT  16  52928  .233895  .261057 -.3627007   -.0000613    -.06099  -.00391
  OCT  17  52929  .231852  .257946 -.3626099   -.0000911    -.06085  -.00405
  OCT  18  52930  .229862  .254976 -.3625430   -.0000216    -.06052  -.00404
  OCT  19  52931  .227975  .252458 -.3625931    .0001382    -.06008  -.00389
  OCT  20  52932  .226045  .250037 -.3628456    .0003850    -.05967  -.00366
  OCT  21  52933  .224081  .247360 -.3633841    .0006887    -.05943  -.00344
  OCT  22  52934  .221980  .244691 -.3642308    .0009728    -.05946  -.00327
  OCT  23  52935  .220297  .242218 -.3653163    .0012002    -.05974  -.00313
  OCT  24  52936  .219307  .239925 -.3665940    .0013325    -.06014  -.00302
  OCT  25  52937  .218657  .237726 -.3679277    .0012825    -.06045  -.00302
  OCT  26  52938  .218150  .235684 -.3691056    .0010308    -.06053  -.00309
  OCT  27  52939  .217152  .233726 -.3699547    .0006623    -.06034  -.00314
  OCT  28  52940  .215499  .231537 -.3704260    .0002993    -.05993  -.00312
  OCT  29  52941  .213812  .229162 -.3705787    .0000333    -.05939  -.00296
  OCT  30  52942  .212485  .226917 -.3705356   -.0000961    -.05925  -.00298
  OCT  31  52943  .211073  .225019 -.3704307   -.0000948    -.05950  -.00318
  NOV   1  52944  .209275  .223323 -.3703784    .0000042    -.05953  -.00325
  NOV   2  52945  .207251  .221556 -.3704540    .0001534    -.05934  -.00319
  NOV   3  52946  .205091  .219486 -.3706836    .0003274    -.05913  -.00306
  NOV   4  52947  .202748  .216979 -.3710953    .0004915    -.05900  -.00290
  NOV   5  52948  .200374  .214077 -.3716461    .0005736    -.05910  -.00280
  NOV   6  52949  .198251  .211110 -.3722194    .0005595    -.05909  -.00263
  NOV   7  52950  .196327  .208232 -.3727428    .0004916    -.05892  -.00229
  NOV   8  52951  .194613  .205618 -.3731841    .0004046    -.05878  -.00205
  NOV   9  52952  .192776  .203379 -.3735397    .0002914    -.05875  -.00207
  NOV  10  52953  .190258  .201148 -.3737629    .0001311    -.05876  -.00228
  NOV  11  52954  .187247  .198492 -.3738070   -.0000194    -.05875  -.00257
  NOV  12  52955  .184518  .195993 -.3737377   -.0000705    -.05858  -.00278
  NOV  13  52956  .182197  .193704 -.3736862   -.0000366    -.05830  -.00287
  NOV  14  52957  .179886  .191389 -.3736883    .0000274    -.05795  -.00286
  NOV  15  52958  .177473  .189053 -.3737657    .0001131    -.05760  -.00278
  NOV  16  52959  .175199  .187036 -.3739383    .0002443    -.05728  -.00264
  NOV  17  52960  .172881  .185429 -.3742749    .0004547    -.05701  -.00248
  NOV  18  52961  .170183  .183753 -.3748602    .0007076    -.05685  -.00232
  NOV  19  52962  .167336  .181899 -.3756881    .0008998    -.05679  -.00216
  NOV  20  52963  .164443  .180366 -.3766374    .0010079    -.05688  -.00203
  NOV  21  52964  .161865  .179122 -.3776616    .0010941    -.05709  -.00193
  NOV  22  52965  .159412  .178308 -.3787730    .0010706    -.05739  -.00191
  NOV  23  52966  .156670  .177717 -.3797571    .0008242    -.05764  -.00193
  NOV  24  52967  .153517  .176779 -.3803995    .0004642    -.05769  -.00195
  NOV  25  52968  .149672  .175552 -.3806957    .0001658    -.05750  -.00192
  NOV  26  52969  .145297  .174191 -.3807680   -.0000122    -.05706  -.00183
  NOV  27  52970  .141282  .172880 -.3807189   -.0000546    -.05660  -.00175
  NOV  28  52971  .137941  .171767 -.3806995    .0000333    -.05628  -.00168
  NOV  29  52972  .134413  .170550 -.3808077    .0001779    -.05617  -.00160
  NOV  30  52973  .130411  .169045 -.3810571    .0003212    -.05627  -.00152
  DEC   1  52974  .126458  .167712 -.3814364    .0004456    -.05652  -.00140
  DEC   2  52975  .123162  .166610 -.3819269    .0005291    -.05681  -.00126
  DEC   3  52976  .120180  .165388 -.3824715    .0005304    -.05697  -.00111
  DEC   4  52977  .117062  .164370 -.3829661    .0004465    -.05703  -.00100
  DEC   5  52978  .114128  .163831 -.3833466    .0003452    -.05701  -.00096
  DEC   6  52979  .111409  .163451 -.3836440    .0002402    -.05698  -.00102
  DEC   7  52980  .108532  .162963 -.3838213    .0000719    -.05693  -.00115
  DEC   8  52981  .105469  .162454 -.3837903   -.0001404    -.05685  -.00133
  DEC   9  52982  .102531  .162008 -.3835514   -.0003034    -.05668  -.00150
  DEC  10  52983  .099844  .161518 -.3832020   -.0003734    -.05641  -.00164
  DEC  11  52984  .096874  .160964 -.3828277   -.0003904    -.05598  -.00172
  DEC  12  52985  .093365  .160300 -.3824458   -.0003414    -.05549  -.00173
  DEC  13  52986  .089744  .159450 -.3821680   -.0002286    -.05503  -.00166
  DEC  14  52987  .086458  .158716 -.3820072   -.0000825    -.05468  -.00155
  DEC  15  52988  .083509  .158507 -.3820145    .0001245    -.05451  -.00147
  DEC  16  52989  .080620  .158360 -.3822569    .0003750    -.05455  -.00143
  DEC  17  52990  .077630  .158052 -.3827508    .0006058    -.05480  -.00146
  DEC  18  52991  .074484  .157652 -.3834387    .0007591    -.05505  -.00134
  DEC  19  52992  .071489  .157209 -.3842266    .0008158    -.05524  -.00108
  DEC  20  52993  .068889  .156861 -.3850258    .0007679    -.05550  -.00087
  DEC  21  52994  .066352  .156397 -.3857311    .0005814    -.05580  -.00080
  DEC  22  52995  .063527  .155848 -.3861834    .0002769    -.05603  -.00086
  DEC  23  52996  .060396  .155415 -.3863090    .0000042    -.05616  -.00104
  DEC  24  52997  .056697  .155072 -.3862356   -.0000753    -.05613  -.00123
  DEC  25  52998  .052629  .154711 -.3862048    .0000461    -.05599  -.00138
  DEC  26  52999  .048953  .154439 -.3863601    .0002531    -.05581  -.00142
  DEC  27  53000  .045880  .154432 -.3867205    .0004499    -.05566  -.00131
  DEC  28  53001  .042943  .154657 -.3872484    .0005907    -.05560  -.00107
  DEC  29  53002  .039916  .154713 -.3878780    .0006475    -.05565  -.00075
  DEC  30  53003  .037038  .154426 -.3885163    .0006163    -.05577  -.00045
  DEC  31  53004  .034120  .154098 -.3890865    .0005486    -.05594  -.00025
