 

                   INTERNATIONAL EARTH ROTATION SERVICE
                        EARTH ROTATION PARAMETERS
                             EOP (IERS) C 04

  
             FORMAT(2X,A4,I3,2X,I5,2F9.5,F10.6,2X,F10.6,2X,2F9.5)
******************************************************************************
  
    Date    MJD     x        y      UT1-UTC       LOD        dPsi   dEpsilon
                    "        "         s           s          "         "
     (0h UTC)
 
  
  YEAR ==> 1982

  JAN   1  44970  -.09310   .37700   .017485     .002300     .00561   .00206
  JAN   2  44971  -.09130   .37890   .015109     .002450     .00528   .00209
  JAN   3  44972  -.08950   .38080   .012599     .002569     .00496   .00204
  JAN   4  44973  -.08760   .38270   .010004     .002609     .00474   .00195
  JAN   5  44974  -.08570   .38450   .007408     .002567     .00466   .00181
  JAN   6  44975  -.08370   .38630   .004885     .002459     .00475   .00167
  JAN   7  44976  -.08180   .38810   .002505     .002299     .00499   .00156
  JAN   8  44977  -.07980   .38980   .000293     .002131     .00535   .00149
  JAN   9  44978  -.07780   .39140  -.001789     .002034     .00575   .00148
  JAN  10  44979  -.07580   .39300  -.003805     .002023     .00611   .00154
  JAN  11  44980  -.07380   .39450  -.005860     .002089     .00637   .00165
  JAN  12  44981  -.07190   .39600  -.007996     .002193     .00649   .00179
  JAN  13  44982  -.06990   .39740  -.010237     .002281     .00643   .00193
  JAN  14  44983  -.06790   .39880  -.012554     .002338     .00622   .00203
  JAN  15  44984  -.06600   .40020  -.014893     .002340     .00591   .00209
  JAN  16  44985  -.06400   .40150  -.017205     .002279     .00556   .00207
  JAN  17  44986  -.06210   .40280  -.019435     .002176     .00526   .00199
  JAN  18  44987  -.06030   .40410  -.021536     .002035     .00507   .00186
  JAN  19  44988  -.05840   .40540  -.023500     .001891     .00504   .00170
  JAN  20  44989  -.05659   .40681  -.025321     .001749     .00518   .00155
  JAN  21  44990  -.05479   .40821  -.026995     .001615     .00546   .00143
  JAN  22  44991  -.05309   .40961  -.028560     .001513     .00583   .00136
  JAN  23  44992  -.05149   .41101  -.030045     .001473     .00622   .00136
  JAN  24  44993  -.04979   .41241  -.031514     .001485     .00655   .00142
  JAN  25  44994  -.04829   .41391  -.033022     .001550     .00676   .00153
  JAN  26  44995  -.04669   .41541  -.034631     .001674     .00681   .00165
  JAN  27  44996  -.04519   .41691  -.036370     .001831     .00669   .00176
  JAN  28  44997  -.04379   .41831  -.038293     .002005     .00644   .00184
  JAN  29  44998  -.04229   .41981  -.040386     .002170     .00610   .00185
  JAN  30  44999  -.04089   .42121  -.042629     .002289     .00576   .00179
  JAN  31  45000  -.03939   .42261  -.044950     .002343     .00549   .00168
  FEB   1  45001  -.03789   .42381  -.047290     .002324     .00535   .00152
  FEB   2  45002  -.03629   .42501  -.049588     .002251     .00537   .00134
  FEB   3  45003  -.03469   .42611  -.051778     .002126     .00556   .00118
  FEB   4  45004  -.03299   .42721  -.053839     .001991     .00588   .00106
  FEB   5  45005  -.03119   .42811  -.055775     .001900     .00626   .00100
  FEB   6  45006  -.02929   .42891  -.057665     .001886     .00664   .00100
  FEB   7  45007  -.02739   .42971  -.059565     .001946     .00694   .00106
  FEB   8  45008  -.02529   .43041  -.061577     .002065     .00710   .00116
  FEB   9  45009  -.02319   .43101  -.063710     .002199     .00709   .00127
  FEB  10  45010  -.02099   .43151  -.065965     .002313     .00692   .00136
  FEB  11  45011  -.01879   .43201  -.068318     .002370     .00664   .00140
  FEB  12  45012  -.01639   .43251  -.070692     .002372     .00630   .00137
  FEB  13  45013  -.01399   .43301  -.073032     .002319     .00597   .00128
  FEB  14  45014  -.01159   .43351  -.075317     .002226     .00575   .00113
  FEB  15  45015  -.00909   .43411  -.077490     .002124     .00566   .00095
  FEB  16  45016  -.00649   .43461  -.079554     .002009     .00575   .00076
  FEB  17  45017  -.00389   .43521  -.081523     .001911     .00599   .00060
  FEB  18  45018  -.00129   .43571  -.083397     .001853     .00634   .00049
  FEB  19  45019   .00141   .43641  -.085244     .001839     .00674   .00044
  FEB  20  45020   .00411   .43701  -.087103     .001886     .00710   .00045
  FEB  21  45021   .00681   .43771  -.089034     .001988     .00737   .00052
  FEB  22  45022   .00961   .43831  -.091085     .002144     .00747   .00061
  FEB  23  45023   .01241   .43901  -.093336     .002352     .00742   .00071
  FEB  24  45024   .01511   .43971  -.095797     .002571     .00721   .00077
  FEB  25  45025   .01791   .44041  -.098474     .002796     .00690   .00078
  FEB  26  45026   .02062   .44112  -.101363     .002952     .00656   .00072
  FEB  27  45027   .02342   .44172  -.104362     .003044     .00627   .00060
  FEB  28  45028   .02612   .44232  -.107413     .003032     .00610   .00043
  MAR   1  45029   .02882   .44282  -.110392     .002898     .00608   .00024
  MAR   2  45030   .03142   .44332  -.113205     .002693     .00622   .00005
  MAR   3  45031   .03402   .44362  -.115788     .002486     .00652  -.00011
  MAR   4  45032   .03662   .44382  -.118179     .002307     .00690  -.00021
  MAR   5  45033   .03912   .44382  -.120426     .002188     .00730  -.00024
  MAR   6  45034   .04152   .44382  -.122596     .002162     .00764  -.00021
  MAR   7  45035   .04392   .44362  -.124765     .002206     .00786  -.00014
  MAR   8  45036   .04632   .44332  -.127020     .002296     .00792  -.00005
  MAR   9  45037   .04882   .44292  -.129365     .002389     .00782   .00004
  MAR  10  45038   .05132   .44242  -.131770     .002425     .00757   .00008
  MAR  11  45039   .05382   .44182  -.134191     .002415     .00725   .00006
  MAR  12  45040   .05632   .44112  -.136578     .002379     .00693  -.00002
  MAR  13  45041   .05892   .44042  -.138932     .002310     .00668  -.00016
  MAR  14  45042   .06152   .43962  -.141187     .002209     .00655  -.00034
  MAR  15  45043   .06422   .43882  -.143346     .002096     .00660  -.00054
  MAR  16  45044   .06682   .43812  -.145393     .001992     .00680  -.00072
  MAR  17  45045   .06952   .43732  -.147351     .001916     .00714  -.00086
  MAR  18  45046   .07222   .43652  -.149239     .001862     .00754  -.00094
  MAR  19  45047   .07492   .43582  -.151092     .001860     .00793  -.00095
  MAR  20  45048   .07762   .43512  -.152988     .001933     .00824  -.00090
  MAR  21  45049   .08022   .43442  -.154976     .002052     .00841  -.00081
  MAR  22  45050   .08282   .43392  -.157100     .002222     .00842  -.00072
  MAR  23  45051   .08532   .43332  -.159422     .002426     .00826  -.00064
  MAR  24  45052   .08782   .43292  -.161954     .002637     .00799  -.00062
  MAR  25  45053   .09022   .43242  -.164686     .002825     .00766  -.00065
  MAR  26  45054   .09272   .43202  -.167570     .002929     .00735  -.00075
  MAR  27  45055   .09512   .43172  -.170521     .002945     .00713  -.00090
  MAR  28  45056   .09752   .43132  -.173440     .002869     .00706  -.00109
  MAR  29  45057   .09982   .43102  -.176246     .002740     .00716  -.00128
  MAR  30  45058   .10212   .43062  -.178905     .002587     .00741  -.00145
  MAR  31  45059   .10442   .43022  -.181423     .002459     .00778  -.00156
  APR   1  45060   .10672   .42982  -.183856     .002410     .00818  -.00161
  APR   2  45061   .10892   .42932  -.186271     .002434     .00855  -.00159
  APR   3  45062   .11103   .42883  -.188759     .002533     .00881  -.00152
  APR   4  45063   .11323   .42823  -.191363     .002678     .00892  -.00142
  APR   5  45064   .11533   .42763  -.194118     .002824     .00887  -.00132
  APR   6  45065   .11733   .42693  -.197009     .002940     .00866  -.00125
  APR   7  45066   .11933   .42613  -.199982     .003002     .00835  -.00123
  APR   8  45067   .12133   .42523  -.202982     .002968     .00801  -.00128
  APR   9  45068   .12323   .42433  -.205906     .002864     .00772  -.00139
  APR  10  45069   .12513   .42333  -.208695     .002717     .00754  -.00155
  APR  11  45070   .12693   .42223  -.211323     .002537     .00751  -.00173
  APR  12  45071   .12873   .42103  -.213778     .002365     .00766  -.00191
  APR  13  45072   .13053   .41983  -.216069     .002213     .00794  -.00204
  APR  14  45073   .13233   .41863  -.218226     .002108     .00831  -.00213
  APR  15  45074   .13403   .41733  -.220304     .002064     .00870  -.00214
  APR  16  45075   .13583   .41603  -.222375     .002076     .00903  -.00209
  APR  17  45076   .13763   .41473  -.224473     .002143     .00923  -.00199
  APR  18  45077   .13943   .41333  -.226677     .002271     .00927  -.00188
  APR  19  45078   .14123   .41203  -.229031     .002443     .00914  -.00178
  APR  20  45079   .14303   .41063  -.231560     .002648     .00887  -.00171
  APR  21  45080   .14483   .40923  -.234315     .002847     .00852  -.00170
  APR  22  45081   .14663   .40773  -.237248     .003005     .00817  -.00176
  APR  23  45082   .14843   .40623  -.240296     .003093     .00789  -.00188
  APR  24  45083   .15023   .40473  -.243387     .003073     .00774  -.00203
  APR  25  45084   .15203   .40323  -.246401     .002952     .00776  -.00220
  APR  26  45085   .15383   .40163  -.249286     .002796     .00793  -.00236
  APR  27  45086   .15553   .40003  -.252009     .002667     .00823  -.00247
  APR  28  45087   .15723   .39833  -.254631     .002582     .00860  -.00251
  APR  29  45088   .15893   .39663  -.257202     .002566     .00895  -.00249
  APR  30  45089   .16063   .39493  -.259790     .002610     .00921  -.00241
  MAY   1  45090   .16223   .39313  -.262451     .002698     .00934  -.00229
  MAY   2  45091   .16393   .39143  -.265203     .002803     .00929  -.00216
  MAY   3  45092   .16553   .38953  -.268052     .002880     .00908  -.00206
  MAY   4  45093   .16723   .38763  -.270948     .002902     .00875  -.00199
  MAY   5  45094   .16883   .38573  -.273837     .002857     .00837  -.00199
  MAY   6  45095   .17053   .38373  -.276642     .002743     .00801  -.00206
  MAY   7  45096   .17213   .38173  -.279308     .002582     .00774  -.00218
  MAY   8  45097   .17383   .37973  -.281797     .002382     .00761  -.00233
  MAY   9  45098   .17543   .37753  -.284079     .002181     .00765  -.00249
  MAY  10  45099   .17704   .37544  -.286153     .001982     .00784  -.00261
  MAY  11  45100   .17874   .37324  -.288052     .001822     .00814  -.00269
  MAY  12  45101   .18034   .37104  -.289811     .001707     .00848  -.00270
  MAY  13  45102   .18194   .36874  -.291492     .001666     .00878  -.00264
  MAY  14  45103   .18364   .36644  -.293152     .001682     .00897  -.00253
  MAY  15  45104   .18524   .36414  -.294864     .001758     .00900  -.00240
  MAY  16  45105   .18684   .36174  -.296673     .001887     .00886  -.00226
  MAY  17  45106   .18834   .35934  -.298648     .002076     .00858  -.00215
  MAY  18  45107   .18994   .35694  -.300828     .002294     .00819  -.00210
  MAY  19  45108   .19144   .35444  -.303239     .002511     .00777  -.00211
  MAY  20  45109   .19294   .35204  -.305819     .002645     .00740  -.00218
  MAY  21  45110   .19444   .34954  -.308497     .002683     .00714  -.00230
  MAY  22  45111   .19584   .34704  -.311161     .002626     .00703  -.00245
  MAY  23  45112   .19724   .34454  -.313723     .002492     .00709  -.00258
  MAY  24  45113   .19874   .34204  -.316129     .002321     .00729  -.00269
  MAY  25  45114   .20004   .33944  -.318381     .002184     .00757  -.00273
  MAY  26  45115   .20144   .33694  -.320524     .002123     .00787  -.00270
  MAY  27  45116   .20284   .33444  -.322657     .002146     .00810  -.00262
  MAY  28  45117   .20424   .33184  -.324850     .002246     .00821  -.00248
  MAY  29  45118   .20554   .32934  -.327147     .002349     .00815  -.00233
  MAY  30  45119   .20694   .32674  -.329543     .002426     .00792  -.00219
  MAY  31  45120   .20824   .32414  -.331985     .002448     .00755  -.00209
  JUN   1  45121   .20964   .32154  -.334431     .002425     .00711  -.00205
  JUN   2  45122   .21104   .31884  -.336818     .002337     .00666  -.00207
  JUN   3  45123   .21234   .31614  -.339091     .002214     .00629  -.00216
  JUN   4  45124   .21374   .31334  -.341235     .002070     .00604  -.00228
  JUN   5  45125   .21514   .31064  -.343226     .001913     .00595  -.00242
  JUN   6  45126   .21664   .30774  -.345062     .001770     .00603  -.00254
  JUN   7  45127   .21804   .30494  -.346774     .001651     .00623  -.00261
  JUN   8  45128   .21934   .30204  -.348378     .001571     .00649  -.00262
  JUN   9  45129   .22074   .29914  -.349925     .001542     .00674  -.00257
  JUN  10  45130   .22204   .29624  -.351471     .001559     .00690  -.00246
  JUN  11  45131   .22324   .29334  -.353060     .001627     .00692  -.00231
  JUN  12  45132   .22434   .29044  -.354739     .001737     .00677  -.00215
  JUN  13  45133   .22534   .28754  -.356543     .001876     .00646  -.00202
  JUN  14  45134   .22614   .28464  -.358494     .002026     .00603  -.00193
  JUN  15  45135   .22695   .28175  -.360593     .002169     .00554  -.00190
  JUN  16  45136   .22755   .27895  -.362830     .002273     .00508  -.00194
  JUN  17  45137   .22805   .27605  -.365127     .002308     .00471  -.00204
  JUN  18  45138   .22835   .27325  -.367414     .002250     .00449  -.00216
  JUN  19  45139   .22865   .27055  -.369608     .002106     .00443  -.00229
  JUN  20  45140   .22885   .26775  -.371619     .001912     .00452  -.00239
  JUN  21  45141   .22885   .26505  -.373425     .001720     .00473  -.00245
  JUN  22  45142   .22885   .26245  -.375082     .001608     .00496  -.00243
  JUN  23  45143   .22875   .25975  -.376674     .001584     .00516  -.00235
  JUN  24  45144   .22845   .25715  -.378287     .001645     .00526  -.00222
  JUN  25  45145   .22825   .25455  -.379979     .001749     .00519  -.00206
  JUN  26  45146   .22795   .25195  -.381784     .001845     .00496  -.00191
  JUN  27  45147   .22755   .24935  -.383652     .001892     .00458  -.00178
  JUN  28  45148   .22725   .24665  -.385546     .001874     .00410  -.00171
  JUN  29  45149   .22685   .24395  -.387390     .001795     .00359  -.00171
  JUN  30  45150   .22645   .24125  -.389120     .001667     .00313  -.00177
  JUL   1  45151   .22595   .23855   .609286     .001520     .00279  -.00187
  JUL   2  45152   .22555   .23585   .607855     .001359     .00260  -.00200
  JUL   3  45153   .22505   .23305   .606577     .001213     .00258  -.00213
  JUL   4  45154   .22445   .23025   .605423     .001087     .00270  -.00221
  JUL   5  45155   .22395   .22745   .604380     .001007     .00291  -.00224
  JUL   6  45156   .22335   .22465   .603395     .000973     .00313  -.00220
  JUL   7  45157   .22285   .22175   .602407     .001004     .00329  -.00211
  JUL   8  45158   .22215   .21895   .601359     .001098     .00332  -.00196
  JUL   9  45159   .22155   .21605   .600204     .001227     .00319  -.00180
  JUL  10  45160   .22085   .21315   .598894     .001395     .00289  -.00165
  JUL  11  45161   .22015   .21025   .597422     .001562     .00246  -.00155
  JUL  12  45162   .21945   .20735   .595774     .001730     .00195  -.00150
  JUL  13  45163   .21865   .20455   .593972     .001856     .00145  -.00152
  JUL  14  45164   .21775   .20175   .592089     .001920     .00101  -.00160
  JUL  15  45165   .21685   .19895   .590166     .001902     .00072  -.00172
  JUL  16  45166   .21585   .19615   .588300     .001809     .00058  -.00185
  JUL  17  45167   .21485   .19335   .586579     .001637     .00061  -.00196
  JUL  18  45168   .21375   .19065   .585031     .001452     .00077  -.00203
  JUL  19  45169   .21255   .18795   .583660     .001299     .00099  -.00204
  JUL  20  45170   .21135   .18535   .582402     .001235     .00120  -.00198
  JUL  21  45171   .21015   .18265   .581149     .001278     .00132  -.00187
  JUL  22  45172   .20886   .18006   .579814     .001399     .00130  -.00172
  JUL  23  45173   .20746   .17756   .578356     .001523     .00112  -.00156
  JUL  24  45174   .20606   .17496   .576780     .001628     .00078  -.00143
  JUL  25  45175   .20466   .17246   .575135     .001649     .00032  -.00134
  JUL  26  45176   .20326   .16996   .573508     .001603    -.00019  -.00132
  JUL  27  45177   .20196   .16746   .571950     .001494    -.00066  -.00136
  JUL  28  45178   .20056   .16496   .570523     .001357    -.00105  -.00145
  JUL  29  45179   .19916   .16256   .569242     .001214    -.00128  -.00158
  JUL  30  45180   .19786   .16006   .568102     .001076    -.00134  -.00171
  JUL  31  45181   .19656   .15766   .567083     .000959    -.00124  -.00182
  AUG   1  45182   .19526   .15526   .566183     .000868    -.00104  -.00187
  AUG   2  45183   .19396   .15296   .565330     .000833    -.00080  -.00186
  AUG   3  45184   .19266   .15056   .564499     .000851    -.00059  -.00178
  AUG   4  45185   .19146   .14826   .563621     .000913    -.00050  -.00166
  AUG   5  45186   .19026   .14586   .562657     .001033    -.00055  -.00150
  AUG   6  45187   .18896   .14356   .561544     .001188    -.00077  -.00135
  AUG   7  45188   .18756   .14126   .560276     .001356    -.00113  -.00123
  AUG   8  45189   .18616   .13886   .558825     .001523    -.00159  -.00117
  AUG   9  45190   .18476   .13656   .557243     .001654    -.00207  -.00117
  AUG  10  45191   .18316   .13426   .555547     .001731    -.00250  -.00123
  AUG  11  45192   .18156   .13196   .553803     .001742    -.00280  -.00134
  AUG  12  45193   .17986   .12966   .552085     .001687    -.00295  -.00148
  AUG  13  45194   .17806   .12746   .550436     .001592    -.00293  -.00160
  AUG  14  45195   .17606   .12516   .548898     .001476    -.00276  -.00169
  AUG  15  45196   .17406   .12296   .547475     .001396    -.00251  -.00173
  AUG  16  45197   .17186   .12076   .546082     .001385    -.00224  -.00169
  AUG  17  45198   .16966   .11856   .544672     .001469    -.00203  -.00160
  AUG  18  45199   .16736   .11646   .543114     .001649    -.00194  -.00146
  AUG  19  45200   .16496   .11436   .541361     .001861    -.00202  -.00130
  AUG  20  45201   .16256   .11236   .539409     .002047    -.00226  -.00116
  AUG  21  45202   .16006   .11036   .537279     .002179    -.00262  -.00106
  AUG  22  45203   .15746   .10846   .535070     .002223    -.00306  -.00101
  AUG  23  45204   .15486   .10656   .532870     .002174    -.00350  -.00103
  AUG  24  45205   .15226   .10476   .530750     .002057    -.00385  -.00112
  AUG  25  45206   .14956   .10306   .528754     .001913    -.00407  -.00124
  AUG  26  45207   .14686   .10136   .526914     .001778    -.00412  -.00137
  AUG  27  45208   .14407   .09977   .525192     .001653    -.00400  -.00149
  AUG  28  45209   .14137   .09817   .523597     .001564    -.00376  -.00156
  AUG  29  45210   .13847   .09667   .522047     .001534    -.00345  -.00157
  AUG  30  45211   .13567   .09517   .520501     .001568    -.00315  -.00151
  AUG  31  45212   .13277   .09377   .518892     .001657    -.00294  -.00140
  SEP   1  45213   .12977   .09237   .517168     .001808    -.00286  -.00125
  SEP   2  45214   .12687   .09097   .515274     .002009    -.00295  -.00109
  SEP   3  45215   .12377   .08967   .513152     .002234    -.00319  -.00095
  SEP   4  45216   .12077   .08837   .510795     .002455    -.00355  -.00087
  SEP   5  45217   .11767   .08707   .508263     .002623    -.00395  -.00084
  SEP   6  45218   .11457   .08587   .505581     .002720    -.00432  -.00088
  SEP   7  45219   .11137   .08457   .502839     .002742    -.00459  -.00098
  SEP   8  45220   .10817   .08337   .500132     .002681    -.00471  -.00110
  SEP   9  45221   .10497   .08217   .497506     .002526    -.00466  -.00123
  SEP  10  45222   .10177   .08107   .495076     .002322    -.00445  -.00133
  SEP  11  45223   .09847   .07987   .492854     .002130    -.00413  -.00138
  SEP  12  45224   .09517   .07877   .490807     .001987    -.00377  -.00136
  SEP  13  45225   .09187   .07767   .488851     .001940    -.00345  -.00127
  SEP  14  45226   .08857   .07657   .486886     .002003    -.00323  -.00114
  SEP  15  45227   .08517   .07557   .484834     .002137    -.00317  -.00098
  SEP  16  45228   .08177   .07457   .482607     .002324    -.00327  -.00082
  SEP  17  45229   .07847   .07357   .480199     .002481    -.00351  -.00069
  SEP  18  45230   .07497   .07267   .477672     .002548    -.00385  -.00062
  SEP  19  45231   .07157   .07187   .475124     .002533    -.00421  -.00061
  SEP  20  45232   .06817   .07117   .472622     .002441    -.00451  -.00067
  SEP  21  45233   .06467   .07047   .470249     .002301    -.00469  -.00077
  SEP  22  45234   .06117   .06987   .468025     .002135    -.00470  -.00089
  SEP  23  45235   .05767   .06937   .465964     .001990    -.00455  -.00101
  SEP  24  45236   .05417   .06897   .464033     .001879    -.00425  -.00108
  SEP  25  45237   .05057   .06857   .462200     .001806    -.00387  -.00110
  SEP  26  45238   .04707   .06837   .460401     .001801    -.00348  -.00105
  SEP  27  45239   .04347   .06827   .458580     .001843    -.00314  -.00094
  SEP  28  45240   .03987   .06827   .456696     .001941    -.00293  -.00079
  SEP  29  45241   .03637   .06827   .454682     .002093    -.00288  -.00062
  SEP  30  45242   .03277   .06837   .452499     .002267    -.00300  -.00046
  OCT   1  45243   .02917   .06857   .450144     .002452    -.00324  -.00034
  OCT   2  45244   .02557   .06877   .447610     .002618    -.00355  -.00028
  OCT   3  45245   .02188   .06908   .444924     .002731    -.00386  -.00029
  OCT   4  45246   .01828   .06948   .442165     .002764    -.00409  -.00035
  OCT   5  45247   .01468   .06988   .439426     .002707    -.00418  -.00046
  OCT   6  45248   .01108   .07038   .436786     .002567    -.00411  -.00057
  OCT   7  45249   .00748   .07088   .434316     .002382    -.00387  -.00067
  OCT   8  45250   .00388   .07138   .432015     .002213    -.00350  -.00072
  OCT   9  45251   .00028   .07198   .429869     .002091    -.00307  -.00071
  OCT  10  45252  -.00322   .07258   .427805     .002054    -.00265  -.00063
  OCT  11  45253  -.00682   .07318   .425722     .002106    -.00232  -.00049
  OCT  12  45254  -.01032   .07378   .423561     .002226    -.00214  -.00032
  OCT  13  45255  -.01372   .07448   .421260     .002377    -.00211  -.00014
  OCT  14  45256  -.01722   .07508   .418822     .002500    -.00225   .00002
  OCT  15  45257  -.02062   .07578   .416280     .002574    -.00249   .00012
  OCT  16  45258  -.02392   .07648   .413704     .002575    -.00279   .00017
  OCT  17  45259  -.02722   .07708   .411169     .002492    -.00305   .00015
  OCT  18  45260  -.03052   .07778   .408751     .002346    -.00321   .00007
  OCT  19  45261  -.03372   .07848   .406488     .002166    -.00322  -.00003
  OCT  20  45262  -.03692   .07918   .404410     .001993    -.00306  -.00014
  OCT  21  45263  -.04002   .07988   .402494     .001863    -.00275  -.00021
  OCT  22  45264  -.04312   .08068   .400679     .001776    -.00233  -.00023
  OCT  23  45265  -.04622   .08138   .398923     .001745    -.00188  -.00019
  OCT  24  45266  -.04932   .08218   .397159     .001785    -.00147  -.00008
  OCT  25  45267  -.05232   .08298   .395334     .001883    -.00116   .00007
  OCT  26  45268  -.05532   .08378   .393388     .002020    -.00101   .00026
  OCT  27  45269  -.05832   .08468   .391282     .002183    -.00103   .00044
  OCT  28  45270  -.06122   .08558   .389003     .002358    -.00119   .00059
  OCT  29  45271  -.06422   .08648   .386567     .002511    -.00144   .00068
  OCT  30  45272  -.06722   .08758   .383983     .002642    -.00172   .00071
  OCT  31  45273  -.07022   .08868   .381296     .002716    -.00194   .00068
  NOV   1  45274  -.07332   .08998   .378581     .002688    -.00205   .00060
  NOV   2  45275  -.07632   .09128   .375942     .002576    -.00199   .00049
  NOV   3  45276  -.07942   .09268   .373450     .002422    -.00177   .00040
  NOV   4  45277  -.08252   .09408   .371112     .002257    -.00140   .00035
  NOV   5  45278  -.08572   .09568   .368919     .002149    -.00096   .00035
  NOV   6  45279  -.08882   .09738   .366784     .002128    -.00050   .00042
  NOV   7  45280  -.09202   .09908   .364622     .002201    -.00011   .00055
  NOV   8  45281  -.09511   .10089   .362356     .002339     .00015   .00072
  NOV   9  45282  -.09821   .10279   .359932     .002513     .00025   .00091
  NOV  10  45283  -.10131   .10469   .357333     .002680     .00018   .00109
  NOV  11  45284  -.10431   .10669   .354597     .002792    -.00002   .00123
  NOV  12  45285  -.10721   .10879   .351782     .002824    -.00029   .00130
  NOV  13  45286  -.11001   .11089   .348973     .002791    -.00055   .00131
  NOV  14  45287  -.11281   .11309   .346223     .002682    -.00074   .00126
  NOV  15  45288  -.11561   .11539   .343616     .002530    -.00079   .00117
  NOV  16  45289  -.11831   .11759   .341179     .002362    -.00068   .00107
  NOV  17  45290  -.12101   .11989   .338896     .002206    -.00041   .00099
  NOV  18  45291  -.12371   .12219   .336755     .002083    -.00001   .00095
  NOV  19  45292  -.12631   .12449   .334723     .002009     .00044   .00097
  NOV  20  45293  -.12901   .12689   .332717     .002004     .00088   .00107
  NOV  21  45294  -.13171   .12919   .330695     .002048     .00123   .00121
  NOV  22  45295  -.13441   .13149   .328603     .002145     .00143   .00140
  NOV  23  45296  -.13711   .13379   .326391     .002282     .00146   .00158
  NOV  24  45297  -.13981   .13609   .324030     .002444     .00134   .00175
  NOV  25  45298  -.14251   .13839   .321500     .002613     .00110   .00186
  NOV  26  45299  -.14521   .14069   .318818     .002758     .00081   .00191
  NOV  27  45300  -.14791   .14309   .315999     .002871     .00055   .00189
  NOV  28  45301  -.15061   .14539   .313099     .002910     .00040   .00183
  NOV  29  45302  -.15321   .14779   .310220     .002846     .00039   .00172
  NOV  30  45303  -.15591   .15019   .307437     .002708     .00054   .00162
  DEC   1  45304  -.15851   .15269   .304818     .002527     .00085   .00155
  DEC   2  45305  -.16101   .15519   .302377     .002364     .00126   .00153
  DEC   3  45306  -.16351   .15779   .300053     .002276     .00171   .00157
  DEC   4  45307  -.16601   .16059   .297779     .002300     .00211   .00168
  DEC   5  45308  -.16831   .16349   .295434     .002403     .00239   .00183
  DEC   6  45309  -.17061   .16659   .292949     .002564     .00252   .00201
  DEC   7  45310  -.17281   .16979   .290317     .002712     .00249   .00219
  DEC   8  45311  -.17491   .17319   .287540     .002824     .00230   .00233
  DEC   9  45312  -.17701   .17669   .284693     .002857     .00202   .00242
  DEC  10  45313  -.17901   .18019   .281850     .002827     .00172   .00243
  DEC  11  45314  -.18091   .18389   .279068     .002727     .00147   .00239
  DEC  12  45315  -.18281   .18769   .276410     .002594     .00134   .00230
  DEC  13  45316  -.18451   .19159   .273896     .002434     .00137   .00218
  DEC  14  45317  -.18621   .19559   .271542     .002288     .00157   .00208
  DEC  15  45318  -.18780   .19960   .269320     .002159     .00190   .00201
  DEC  16  45319  -.18930   .20360   .267210     .002071     .00232   .00200
  DEC  17  45320  -.19080   .20760   .265162     .002037     .00274   .00205
  DEC  18  45321  -.19210   .21170   .263117     .002060     .00309   .00217
  DEC  19  45322  -.19330   .21570   .261011     .002138     .00331   .00232
  DEC  20  45323  -.19450   .21970   .258817     .002259     .00336   .00249
  DEC  21  45324  -.19560   .22360   .256485     .002405     .00325   .00265
  DEC  22  45325  -.19650   .22740   .253994     .002561     .00301   .00276
  DEC  23  45326  -.19740   .23100   .251357     .002708     .00270   .00281
  DEC  24  45327  -.19820   .23460   .248577     .002838     .00239   .00279
  DEC  25  45328  -.19890   .23800   .245709     .002906     .00216   .00271
  DEC  26  45329  -.19950   .24140   .242800     .002901     .00207   .00260
  DEC  27  45330  -.20010   .24450   .239935     .002814     .00214   .00247
  DEC  28  45331  -.20070   .24760   .237191     .002666     .00237   .00236
  DEC  29  45332  -.20130   .25060   .234608     .002503     .00272   .00229
  DEC  30  45333  -.20180   .25340   .232170     .002389     .00313   .00229
  DEC  31  45334  -.20230   .25610   .229809     .002360     .00351   .00235
